[gd_scene load_steps=3 format=2]

[ext_resource path="res://scenes/environment/cilia_wall.tscn" type="PackedScene" id=1]
[ext_resource path="res://scenes/levels/level.tscn" type="PackedScene" id=2]

[node name="Crystalline Endosteum" instance=ExtResource( 2 )]

[node name="Player" parent="." index="0"]
transform = Transform( 1, 0, 0, 0, 1, 0, 0, 0, 1, 0, 0, -22.0049 )

[node name="CSGCombiner" type="CSGCombiner" parent="." index="2"]
use_collision = true
collision_layer = 128
collision_mask = 0

[node name="CSGCylinder" type="CSGCylinder" parent="CSGCombiner" index="0"]
transform = Transform( 1, 0, 0, 0, -0.214224, -0.976785, 0, 0.976785, -0.214224, 0, -0.671315, -19.1207 )
use_collision = true
collision_mask = 0
invert_faces = true
radius = 40.1215
height = 107.164
cone = true

[node name="OmniLight" type="OmniLight" parent="." index="3"]
transform = Transform( 1, 0, 0, 0, 1, 0, 0, 0, 1, 0, 12.1424, -44.3637 )
omni_range = 62.6605

[node name="Cilia wall" parent="." index="4" instance=ExtResource( 1 )]

[node name="CollisionPolygon" type="CollisionPolygon" parent="Cilia wall" index="0"]
transform = Transform( 1, 0, 0, 0, 0.981627, -0.190809, 0, 0.190809, 0.981627, -20.2235, -0.316375, -72.9974 )
depth = 3.0
polygon = PoolVector2Array( 10.5566, -17.354, -3.79819, -13.6312, -12.6865, -2.69356, -16.035, 12.667, -11.7964, 23.7839, -3.31439, 23.9038, 1.84946, 7.3934, 9.01436, 2.30404, 23.0969, -1.72192, 24.0211, -12.9232 )

[node name="CollisionPolygon2" type="CollisionPolygon" parent="Cilia wall" index="1"]
transform = Transform( 1, 0, 0, 0, 0.981627, -0.190809, 0, 0.190809, 0.981627, 31.585, 10.338, -70.4856 )
depth = 3.0
polygon = PoolVector2Array( -4.17703, -3.68342, -14.981, 2.96555, -17.8824, 12.4055, -13.6338, 17.739, -5.81696, 16.9966, 0.198095, 12.0351, 3.27711, 3.47768 )
