[gd_scene load_steps=7 format=2]

[ext_resource path="res://scripts/player/player.gd" type="Script" id=1]
[ext_resource path="res://assets/models/player.tscn" type="PackedScene" id=4]

[sub_resource type="BoxShape" id=1]
extents = Vector3( 0.844698, 1.81682, 1 )

[sub_resource type="BoxShape" id=2]
extents = Vector3( 0.621861, 1.04194, 0.628027 )

[sub_resource type="Animation" id=4]
length = 0.001
tracks/0/type = "value"
tracks/0/path = NodePath("AttackHitbox/CollisionShape:disabled")
tracks/0/interp = 1
tracks/0/loop_wrap = true
tracks/0/imported = false
tracks/0/enabled = true
tracks/0/keys = {
"times": PoolRealArray( 0 ),
"transitions": PoolRealArray( 1 ),
"update": 0,
"values": [ true ]
}
tracks/1/type = "value"
tracks/1/path = NodePath("AttackHitbox/CollisionShape:translation")
tracks/1/interp = 1
tracks/1/loop_wrap = true
tracks/1/imported = false
tracks/1/enabled = true
tracks/1/keys = {
"times": PoolRealArray( 0 ),
"transitions": PoolRealArray( 1 ),
"update": 0,
"values": [ Vector3( -4.55651, -1.64687, 1.06216 ) ]
}
tracks/2/type = "value"
tracks/2/path = NodePath("AttackHitbox/CollisionShape:shape:extents")
tracks/2/interp = 1
tracks/2/loop_wrap = true
tracks/2/imported = false
tracks/2/enabled = true
tracks/2/keys = {
"times": PoolRealArray( 0 ),
"transitions": PoolRealArray( 1 ),
"update": 0,
"values": [ Vector3( 1.68414, 0.716361, 2.07755 ) ]
}
tracks/3/type = "value"
tracks/3/path = NodePath("..:is_attacking")
tracks/3/interp = 1
tracks/3/loop_wrap = true
tracks/3/imported = false
tracks/3/enabled = true
tracks/3/keys = {
"times": PoolRealArray( 0 ),
"transitions": PoolRealArray( 1 ),
"update": 1,
"values": [ false ]
}

[sub_resource type="BoxShape" id=3]
extents = Vector3( 1.68414, 0.716361, 2.07755 )

[node name="Player" type="KinematicBody" groups=["player"]]
collision_layer = 2
collision_mask = 129
script = ExtResource( 1 )
BOOST_VELOCITY = 30

[node name="MeleeCollision" type="CollisionShape" parent="."]
transform = Transform( 1, 0, 0, 0, 1, 0, 0, 0, 1, 0, -0.240845, 0 )
shape = SubResource( 1 )

[node name="BulletCollision" type="Area" parent="."]
collision_layer = 16
collision_mask = 0

[node name="CollisionShape" type="CollisionShape" parent="BulletCollision"]
transform = Transform( 1, 0, 0, 0, 1, 0, 0, 0, 1, 0, -0.150776, 0 )
shape = SubResource( 2 )

[node name="Pivot" type="Spatial" parent="."]
transform = Transform( 1, 0, 0, 0, 1, 0, 0, 0, 1, 0, 1.05048, 0.735726 )

[node name="Camera" type="Camera" parent="Pivot"]
transform = Transform( 1, 0, 0, 0, 0.985592, 0.169143, 0, -0.169143, 0.985592, 0, 1.27801, 4.93297 )
current = true
far = 300.0

[node name="Timer" type="Timer" parent="."]
one_shot = true

[node name="Model" parent="." instance=ExtResource( 4 )]

[node name="Physical Bone base" parent="Model/Armature/Skeleton" index="1"]
transform = Transform( 0.999999, -3.58559e-07, 1.22935e-06, -2.80212e-07, 1, -6.61239e-08, -8.19564e-08, -4.17233e-07, 0.999999, -1.49012e-08, -2.38419e-07, -0.289607 )
collision_mask = 5
joint_offset = Transform( 1, 0, 0, 0, 1, 0, 0, 0, 1, -3.41127e-07, 2.57838e-07, 0.289607 )
body_offset = Transform( 0.999999, -3.58559e-07, 1.22935e-06, -2.72703e-07, 1, -6.70552e-08, -8.19564e-08, -4.17233e-07, 0.999999, -1.49012e-08, -2.38419e-07, -0.289607 )

[node name="Physical Bone abdomen1" parent="Model/Armature/Skeleton" index="2"]
transform = Transform( 0.643373, 0.00914567, -0.765496, 0.0371845, 0.998375, 0.043181, 0.764649, -0.0562467, 0.641988, 0.139806, 0.571326, -0.117249 )
collision_mask = 5
joint_offset = Transform( 1, 0, 0, 0, 1, 0, 0, 0, 1, 6.01357e-07, 1.33001e-06, 0.182634 )
body_offset = Transform( 1, -2.23517e-07, 2.6226e-06, -6.4075e-07, 1, -1.02445e-07, -9.23872e-07, 2.36556e-07, 0.999999, -1.08033e-06, -1.3113e-06, -0.182634 )

[node name="Physical Bone abdomen2" parent="Model/Armature/Skeleton" index="3"]
transform = Transform( 0.652507, -0.00908012, -0.757727, 0.101524, 0.991962, 0.0755386, 0.750951, -0.126217, 0.648185, 0.141727, 0.930094, -0.138926 )
collision_mask = 5
joint_offset = Transform( 1, 0, 0, 0, 1, 0, 0, 0, 1, 1.09217e-07, -3.47067e-06, 0.182633 )
body_offset = Transform( 1, -1.49012e-08, 6.25849e-07, -7.45058e-09, 1, 7.45058e-08, 1.78814e-06, -2.23517e-07, 1, -2.23517e-07, 3.45707e-06, -0.182633 )

[node name="Physical Bone chest" parent="Model/Armature/Skeleton" index="4"]
transform = Transform( 0.570431, 0.723607, -0.388587, -0.305444, 0.626069, 0.717455, 0.762439, -0.290567, 0.578151, 0.158394, 1.0138, -0.30228 )
collision_mask = 5
joint_offset = Transform( 1, 0, 0, 0, 1, 0, 0, 0, 1, 6.7475e-07, 5.73964e-06, 0.407564 )
body_offset = Transform( 1, -4.61936e-07, -3.57628e-07, 4.47035e-08, 1, 4.32134e-07, 9.83477e-07, 3.27826e-07, 1, -5.28991e-07, -5.91576e-06, -0.407564 )

[node name="Physical Bone neck" parent="Model/Armature/Skeleton" index="5"]
transform = Transform( 0.366167, 0.695446, -0.618283, -0.204407, 0.708313, 0.675654, 0.907821, -0.121021, 0.401512, 0.7083, 1.68709, -0.380416 )
collision_mask = 5
joint_offset = Transform( 1, 0, 0, 0, 1, 0, 0, 0, 1, -1.40101e-07, 4.42286e-06, 0.191582 )
body_offset = Transform( 1, 5.58794e-08, -3.57628e-07, -3.35276e-07, 0.999999, -6.85453e-07, -1.19209e-06, 8.67993e-07, 0.999997, 2.08616e-07, -4.29153e-06, -0.191582 )

[node name="Physical Bone shoulderL" parent="Model/Armature/Skeleton" index="6"]
transform = Transform( 0.559548, -0.623679, -0.545829, 0.698224, -9.25427e-05, 0.715876, -0.44653, -0.78168, 0.435419, 0.781784, 1.56481, -0.456603 )
collision_mask = 5
joint_offset = Transform( 1, 0, 0, 0, 1, 0, 0, 0, 1, 3.20816e-06, -2.50711e-07, 0.351638 )
body_offset = Transform( 1, -5.66244e-07, -1.3262e-06, 1.2517e-06, 1, -6.85453e-07, -1.87755e-06, -2.35438e-06, 0.999999, -2.74181e-06, 4.91738e-07, -0.351638 )

[node name="Physical Bone bicepL" parent="Model/Armature/Skeleton" index="7"]
transform = Transform( 0.344697, -0.212762, -0.914283, 0.515726, -0.770894, 0.373829, -0.784352, -0.600378, -0.155995, 0.592673, 1.63598, -0.777915 )
collision_mask = 5
joint_offset = Transform( 1, 0, 0, 0, 1, 0, 0, 0, 1, -9.26879e-07, -3.06127e-06, 0.482828 )
body_offset = Transform( 0.999999, 1.3113e-06, -1.04308e-06, -1.04308e-06, 0.999999, -2.11596e-06, -1.46031e-06, 2.98023e-08, 0.999998, 1.43051e-06, 4.08292e-06, -0.482827 )

[node name="Physical Bone elbowL" parent="Model/Armature/Skeleton" index="8"]
transform = Transform( 0.621653, 0.421155, -0.660435, 0.467788, -0.875895, -0.118235, -0.628269, -0.235444, -0.741515, -0.00369756, 1.0811, -1.37626 )
collision_mask = 5
joint_offset = Transform( 1, 0, 0, 0, 1, 0, 0, 0, 1, 7.01575e-07, 1.56338e-07, 0.0765054 )
body_offset = Transform( 1, 2.23517e-06, 1.78814e-07, -6.70552e-07, 0.999999, 1.07288e-06, 1.49012e-07, -4.61936e-07, 0.999999, -7.15256e-07, -2.38419e-07, -0.0765053 )

[node name="Physical Bone shoulderR" parent="Model/Armature/Skeleton" index="9"]
transform = Transform( -0.821446, 0.522971, -0.227435, -0.553989, -0.63711, 0.535899, 0.135359, 0.566208, 0.813072, 0.669822, 1.62809, -0.589402 )
collision_mask = 5
joint_offset = Transform( 1, 0, 0, 0, 1, 0, 0, 0, 1, -6.67965e-06, -1.34044e-06, 0.351641 )
body_offset = Transform( 1, -3.91155e-07, 6.89179e-07, 6.10948e-07, 1, 5.06639e-07, -2.90573e-07, -3.27826e-07, 1, 6.4373e-06, 1.16229e-06, -0.351641 )

[node name="Physical Bone bicepR" parent="Model/Armature/Skeleton" index="10"]
transform = Transform( -0.233125, 0.88529, 0.402385, -0.318077, -0.460445, 0.828744, 0.918956, 0.0652088, 0.388934, 0.763364, 0.96833, -0.0930825 )
collision_mask = 5
joint_offset = Transform( 1, 0, 0, 0, 1, 0, 0, 0, 1, 9.59016e-07, -2.84663e-06, 0.482829 )
body_offset = Transform( 1, -3.05474e-07, 7.45058e-07, -2.15322e-06, 1, -2.98023e-08, 2.02656e-06, -9.49949e-07, 1, -1.31875e-06, 2.86102e-06, -0.482829 )

[node name="Physical Bone elbowR" parent="Model/Armature/Skeleton" index="11"]
transform = Transform( -0.965058, -0.245855, 0.0906589, 0.250433, -0.967177, 0.0429685, 0.0771175, 0.0641709, 0.994955, 1.8056, 0.920548, 0.0815553 )
collision_mask = 5
joint_offset = Transform( 1, 0, 0, 0, 1, 0, 0, 0, 1, 3.00552e-06, -5.42681e-06, 0.0765075 )
body_offset = Transform( 1, 3.4261e-07, -1.88872e-06, 3.1403e-07, 0.999997, 2.30968e-07, -2.10479e-07, 8.9407e-08, 1, -2.86102e-06, 5.40912e-06, -0.0765076 )

[node name="Physical Bone pelvisL" parent="Model/Armature/Skeleton" index="12"]
transform = Transform( 1.57161e-09, -1, 2.45869e-07, 0.999999, 4.67408e-08, -1.21072e-08, -2.70084e-07, -2.23517e-08, 0.999999, 1.93715e-07, 0.579212, -0.188044 )
collision_mask = 5
joint_offset = Transform( 1, 0, 0, 0, 1, 0, 0, 0, 1, 1.92364e-06, 2.38548e-07, 0.188044 )
body_offset = Transform( 0.999999, 4.41214e-08, -8.6613e-08, -1.57161e-09, 1, -2.38419e-07, -1.95578e-07, -2.23517e-08, 0.999999, -1.90735e-06, -1.93715e-07, -0.188044 )

[node name="Physical Bone wingfrontL" parent="Model/Armature/Skeleton" index="13"]
transform = Transform( 0.882052, -0.427555, 0.197943, 0.470183, 0.825704, -0.311667, -0.0301889, 0.367976, 0.929344, -0.438058, 0.676777, -0.29094 )
collision_mask = 5
joint_offset = Transform( 1, 0, 0, 0, 1, 0, 0, 0, 1, 5.21173e-06, 4.446e-06, 0.313058 )
body_offset = Transform( 0.999999, -1.44728e-06, -2.73809e-07, -1.0198e-06, 0.999999, 2.68221e-07, 1.47149e-07, 1.49012e-07, 0.999999, -5.126e-06, -4.52995e-06, -0.313058 )

[node name="Physical Bone thighL" parent="Model/Armature/Skeleton" index="14"]
transform = Transform( -0.604637, -0.601834, 0.52173, 0.736889, -0.671303, 0.0796091, 0.302327, 0.432592, 0.849387, -0.530296, 0.498298, -0.863334 )
collision_mask = 5
joint_offset = Transform( 1, 0, 0, 0, 1, 0, 0, 0, 1, -1.15294e-07, 1.42171e-06, 1.01642 )
body_offset = Transform( 0.999995, -4.09782e-07, -2.38419e-07, -4.54485e-07, 0.999993, 5.36442e-07, -1.72853e-06, 3.57628e-07, 0.999999, 3.57628e-07, -1.96695e-06, -1.01642 )

[node name="Physical Bone pelvisR" parent="Model/Armature/Skeleton" index="15"]
transform = Transform( -1.57161e-09, 1, 2.45869e-07, -0.999999, -4.67408e-08, -1.21072e-08, 2.70084e-07, 2.23517e-08, 0.999999, 1.93715e-07, 0.579212, -0.188044 )
collision_mask = 5
joint_offset = Transform( 1, 0, 0, 0, 1, 0, 0, 0, 1, -1.92364e-06, -2.38548e-07, 0.188044 )
body_offset = Transform( 0.999999, 4.41214e-08, 8.6613e-08, -1.57161e-09, 1, 2.38419e-07, 1.95578e-07, 2.23517e-08, 0.999999, 1.90735e-06, 1.93715e-07, -0.188044 )

[node name="Physical Bone wingfrontR" parent="Model/Armature/Skeleton" index="16"]
transform = Transform( 0.0689849, 0.938573, -0.338112, -0.953546, 0.161655, 0.2542, 0.293244, 0.304871, 0.90612, 0.481933, 0.499635, -0.283666 )
collision_mask = 5
joint_offset = Transform( 1, 0, 0, 0, 1, 0, 0, 0, 1, 4.64404e-07, 2.34829e-06, 0.313055 )
body_offset = Transform( 1, 2.40654e-06, -1.10269e-06, 7.00355e-07, 0.999999, 9.23872e-07, -6.85453e-07, -4.17233e-07, 0.999995, -1.19209e-07, -2.63751e-06, -0.313053 )

[node name="Physical Bone thighR" parent="Model/Armature/Skeleton" index="17"]
transform = Transform( -0.942437, 0.278958, -0.184378, -0.32433, -0.89678, 0.30099, -0.0813849, 0.343464, 0.935633, 0.187406, 0.27328, -0.950995 )
collision_mask = 5
joint_offset = Transform( 1, 0, 0, 0, 1, 0, 0, 0, 1, 8.10559e-07, -1.42562e-06, 1.01642 )
body_offset = Transform( 1, -1.49012e-07, -1.2666e-06, -1.52737e-07, 0.999999, -2.98023e-07, -4.02331e-07, 6.85453e-07, 1, 4.76837e-07, 1.72853e-06, -1.01642 )

[node name="BoneAttachment" parent="Model/Armature/Skeleton" index="18"]
transform = Transform( -0.415465, -0.273524, -0.86751, -0.842289, 0.475758, 0.253381, 0.343419, 0.835966, -0.428048, 0.545163, 0.737027, -1.33812 )

[node name="scytheparent" parent="Model" index="1"]
transform = Transform( -0.379995, -0.356654, -0.853465, -0.87359, 0.441661, 0.204389, 0.304046, 0.823246, -0.479399, 0.579072, -0.658693, -1.28971 )

[node name="AnimationPlayer" parent="Model" index="2"]
anims/RESET = SubResource( 4 )

[node name="AttackHitbox" type="Area" parent="Model"]
transform = Transform( 0.999999, 0, 0, 0, 0.999999, 0, 0, 0, 0.999999, 0, 0, 0 )
collision_layer = 32
collision_mask = 76

[node name="CollisionShape" type="CollisionShape" parent="Model/AttackHitbox"]
transform = Transform( 1, 0, 0, 0, 1, 0, 0, 0, 1, -4.55651, -1.64687, 1.06216 )
shape = SubResource( 3 )
disabled = true

[connection signal="timeout" from="Timer" to="." method="_on_timeout"]
[connection signal="area_entered" from="Model/AttackHitbox" to="." method="_on_hit"]
[connection signal="body_entered" from="Model/AttackHitbox" to="." method="_on_hit"]

[editable path="Model"]
