[gd_scene load_steps=8 format=2]

[ext_resource path="res://scripts/player/player.gd" type="Script" id=1]
[ext_resource path="res://assets/models/player_idleattack02.anim" type="Animation" id=2]
[ext_resource path="res://assets/models/player.tscn" type="PackedScene" id=4]

[sub_resource type="BoxShape" id=1]
extents = Vector3( 0.844698, 1.81682, 1 )

[sub_resource type="BoxShape" id=2]
extents = Vector3( 0.621861, 1.04194, 0.628027 )

[sub_resource type="Animation" id=4]
length = 0.001
tracks/0/type = "value"
tracks/0/path = NodePath("AttackHitbox/CollisionShape:disabled")
tracks/0/interp = 1
tracks/0/loop_wrap = true
tracks/0/imported = false
tracks/0/enabled = true
tracks/0/keys = {
"times": PoolRealArray( 0 ),
"transitions": PoolRealArray( 1 ),
"update": 0,
"values": [ true ]
}
tracks/1/type = "value"
tracks/1/path = NodePath("AttackHitbox/CollisionShape:translation")
tracks/1/interp = 1
tracks/1/loop_wrap = true
tracks/1/imported = false
tracks/1/enabled = true
tracks/1/keys = {
"times": PoolRealArray( 0 ),
"transitions": PoolRealArray( 1 ),
"update": 0,
"values": [ Vector3( -4.55651, -1.64687, 1.06216 ) ]
}
tracks/2/type = "value"
tracks/2/path = NodePath("AttackHitbox/CollisionShape:shape:extents")
tracks/2/interp = 1
tracks/2/loop_wrap = true
tracks/2/imported = false
tracks/2/enabled = true
tracks/2/keys = {
"times": PoolRealArray( 0 ),
"transitions": PoolRealArray( 1 ),
"update": 0,
"values": [ Vector3( 1.68414, 0.716361, 2.07755 ) ]
}
tracks/3/type = "value"
tracks/3/path = NodePath("..:is_attacking")
tracks/3/interp = 1
tracks/3/loop_wrap = true
tracks/3/imported = false
tracks/3/enabled = true
tracks/3/keys = {
"times": PoolRealArray( 0 ),
"transitions": PoolRealArray( 1 ),
"update": 1,
"values": [ false ]
}
tracks/4/type = "value"
tracks/4/path = NodePath("..:is_beam_ready")
tracks/4/interp = 1
tracks/4/loop_wrap = true
tracks/4/imported = false
tracks/4/enabled = true
tracks/4/keys = {
"times": PoolRealArray( 0 ),
"transitions": PoolRealArray( 1 ),
"update": 1,
"values": [ false ]
}

[sub_resource type="BoxShape" id=3]
extents = Vector3( 1.68414, 0.716361, 2.07755 )

[node name="Player" type="KinematicBody" groups=["player"]]
collision_layer = 2
collision_mask = 129
script = ExtResource( 1 )
BOOST_VELOCITY = 30
BEAM_TIME = 1.5

[node name="MeleeCollision" type="CollisionShape" parent="."]
transform = Transform( 1, 0, 0, 0, 1, 0, 0, 0, 1, 0, -0.240845, 0 )
shape = SubResource( 1 )

[node name="BulletCollision" type="Area" parent="."]
collision_layer = 16
collision_mask = 0

[node name="CollisionShape" type="CollisionShape" parent="BulletCollision"]
transform = Transform( 1, 0, 0, 0, 1, 0, 0, 0, 1, 0, -0.150776, 0 )
shape = SubResource( 2 )

[node name="Pivot" type="Spatial" parent="."]
transform = Transform( 1, 0, 0, 0, 1, 0, 0, 0, 1, 0, 1.05048, 0.735726 )

[node name="Camera" type="ClippedCamera" parent="Pivot"]
transform = Transform( 1, 0, 0, 0, 0.985592, 0.169143, 0, -0.169143, 0.985592, 0, 1.27801, 4.93297 )
current = true
far = 300.0

[node name="AnimationPlayer" type="AnimationPlayer" parent="Pivot/Camera"]

[node name="ShotPoint" type="Position3D" parent="Pivot"]
transform = Transform( 1, 0, 0, 0, 1, 0, 0, 0, 1, 0.64742, -0.558807, -5.21342 )

[node name="Timer" type="Timer" parent="."]
one_shot = true

[node name="RegenTimer" type="Timer" parent="."]
one_shot = true

[node name="Model" parent="." instance=ExtResource( 4 )]

[node name="Skeleton" parent="Model/Armature" index="0"]
bones/29/bound_children = [  ]

[node name="Physical Bone base" parent="Model/Armature/Skeleton" index="1"]
transform = Transform( 0.999999, -3.58559e-07, 1.18464e-06, -3.62168e-07, 1, -7.54371e-08, -8.19564e-08, -4.17233e-07, 0.999995, -1.49012e-08, -2.38419e-07, -0.289607 )
collision_mask = 5
joint_offset = Transform( 1, 0, 0, 0, 1, 0, 0, 0, 1, -3.28181e-07, 2.60266e-07, 0.289608 )
body_offset = Transform( 0.999999, -3.58559e-07, 1.18464e-06, -3.62168e-07, 1, -7.54371e-08, -8.19564e-08, -4.17233e-07, 0.999995, -1.49012e-08, -2.38419e-07, -0.289607 )

[node name="Physical Bone abdomen1" parent="Model/Armature/Skeleton" index="2"]
transform = Transform( 0.643373, 0.00914554, -0.765496, 0.0371845, 0.998375, 0.043181, 0.764649, -0.0562465, 0.641989, 0.139805, 0.571324, -0.11725 )
collision_mask = 5
joint_offset = Transform( 1, 0, 0, 0, 1, 0, 0, 0, 1, 1.48289e-06, 3.59873e-06, 0.182634 )
body_offset = Transform( 1, -1.04308e-07, 3.8743e-06, -6.44475e-07, 1, -1.22935e-07, -9.23872e-07, 4.97326e-07, 0.999999, -2.19047e-06, -3.57628e-06, -0.182634 )

[node name="Physical Bone abdomen2" parent="Model/Armature/Skeleton" index="3"]
transform = Transform( 0.652507, -0.00908014, -0.757726, 0.101524, 0.991961, 0.0755389, 0.750951, -0.126217, 0.648184, 0.141727, 0.930094, -0.138926 )
collision_mask = 5
joint_offset = Transform( 1, 0, 0, 0, 1, 0, 0, 0, 1, 1.35004e-07, -3.59015e-06, 0.182633 )
body_offset = Transform( 1, 1.11759e-07, 5.66244e-07, 0, 1, 4.02331e-07, 1.81794e-06, -8.9407e-08, 0.999999, -2.38419e-07, 3.51667e-06, -0.182633 )

[node name="Physical Bone chest" parent="Model/Armature/Skeleton" index="4"]
transform = Transform( 0.976319, -0.110043, 0.186261, 0.0913095, 0.99013, 0.106356, -0.196125, -0.0868277, 0.976727, -0.0758891, 1.26286, -0.464726 )
collision_mask = 5
joint_offset = Transform( 1, 0, 0, 0, 1, 0, 0, 0, 1, 2.83122e-07, 6.07222e-06, 0.407565 )
body_offset = Transform( 0.885062, -0.128304, 0.447442, 0.185287, 0.978935, -0.0857957, -0.427007, 0.158842, 0.890188, -0.182361, 0.0349613, -0.36281 )

[node name="Physical Bone neck" parent="Model/Armature/Skeleton" index="5"]
transform = Transform( 0.996106, 0.0570538, -0.0672187, -0.0610467, 0.996394, -0.0589088, 0.0636131, 0.0627832, 0.995996, -0.0770533, 2.13073, -0.329697 )
collision_mask = 5
joint_offset = Transform( 1, 0, 0, 0, 1, 0, 0, 0, 1, 0.131027, -0.0149135, 0.0887933 )
body_offset = Transform( 0.888327, 0.0020542, 0.459204, 0.041321, 0.995575, -0.08439, -0.457349, 0.0939417, 0.884311, -0.157138, 0.0169266, -0.017195 )

[node name="Physical Bone shoulderL" parent="Model/Armature/Skeleton" index="6"]
transform = Transform( -0.331199, -0.943558, -0.00322223, 0.943466, -0.331211, 0.0132998, -0.01362, 0.00136028, 0.99991, -0.0885418, 2.1086, -0.489028 )
collision_mask = 5
joint_offset = Transform( 1, 0, 0, 0, 1, 0, 0, 0, 1, -0.0538775, -0.12523, 0.254627 )
body_offset = Transform( 0.962406, -0.149715, -0.226647, 0.0442658, 0.909681, -0.412952, 0.267998, 0.387389, 0.882105, 0.0908137, 0.221453, -0.161656 )

[node name="Physical Bone bicepL" parent="Model/Armature/Skeleton" index="7"]
transform = Transform( -0.704928, 0.692305, -0.154238, -0.701247, -0.647634, 0.298032, 0.106437, 0.318247, 0.942012, -0.682077, 2.00475, -0.664647 )
collision_mask = 5
joint_offset = Transform( 1, 0, 0, 0, 1, 0, 0, 0, 1, -0.00450921, 0.182242, 0.0884562 )
body_offset = Transform( 0.136838, -0.850671, -0.507573, 0.396246, 0.51662, -0.759009, 0.90789, -0.0972637, 0.407767, 0.200543, -0.0252241, -0.0142501 )

[node name="Physical Bone elbowL" parent="Model/Armature/Skeleton" index="8"]
transform = Transform( -0.215438, 0.882044, -0.419025, -0.715575, -0.434585, -0.546892, -0.664484, 0.182021, 0.724795, -0.714734, 1.43699, 0.121109 )
collision_mask = 5
joint_offset = Transform( 1, 0, 0, 0, 1, 0, 0, 0, 1, 0.91871, 0.234213, -0.7837 )
body_offset = Transform( 0.209281, -0.557809, -0.80315, 0.557707, 0.742744, -0.370532, 0.803221, -0.370375, 0.466538, -0.691051, -0.976717, -0.285555 )

[node name="Physical Bone shoulderR" parent="Model/Armature/Skeleton" index="9"]
transform = Transform( -0.0836135, 0.861061, 0.501582, -0.988804, -0.134129, 0.065426, 0.123613, -0.490494, 0.862631, -0.266053, 2.09026, -0.440761 )
collision_mask = 5
joint_offset = Transform( 1, 0, 0, 0, 1, 0, 0, 0, 1, -0.0128089, 0.166106, 0.336132 )
body_offset = Transform( 0.986283, -0.154409, -0.0583838, 0.164047, 0.877305, 0.451029, -0.0184229, -0.454419, 0.890596, 0.0579062, -0.29523, -0.224112 )

[node name="Physical Bone bicepR" parent="Model/Armature/Skeleton" index="10"]
transform = Transform( -0.991639, 0.113466, -0.061489, -0.058158, 0.0324098, 0.997781, 0.115206, 0.993012, -0.025541, 0.642039, 1.02733, -0.246916 )
collision_mask = 5
joint_offset = Transform( 1, 0, 0, 0, 1, 0, 0, 0, 1, -0.137103, 0.0371513, 0.892032 )
body_offset = Transform( 0.879854, -0.413089, -0.23498, -0.166421, 0.195332, -0.966515, 0.445156, 0.889495, 0.103117, 0.345587, 0.832089, -0.0639975 )

[node name="Physical Bone elbowR" parent="Model/Armature/Skeleton" index="11"]
transform = Transform( -0.918046, -0.261755, -0.297779, -0.374519, 0.818986, 0.434735, 0.130088, 0.510631, -0.849902, 0.436897, 1.75079, -0.132042 )
collision_mask = 5
joint_offset = Transform( 1, 0, 0, 0, 1, 0, 0, 0, 1, -0.198243, -0.705595, -0.543776 )
body_offset = Transform( 0.860953, -0.111723, 0.496257, 0.223099, -0.793808, -0.565769, 0.457147, 0.597817, -0.65851, 0.361699, -0.823531, 0.154361 )

[node name="Physical Bone pelvisL" parent="Model/Armature/Skeleton" index="12"]
transform = Transform( -8.60309e-08, -1, 9.38773e-07, 1, 4.67408e-08, -4.65661e-09, -2.51457e-07, -2.23517e-08, 0.999996, 2.83122e-07, 0.579211, -0.188044 )
collision_mask = 5
joint_offset = Transform( 1, 0, 0, 0, 1, 0, 0, 0, 1, 2.63749e-06, 4.67104e-07, 0.188045 )
body_offset = Transform( 1, 4.41214e-08, -7.91624e-08, 8.59727e-08, 1, -9.38773e-07, -1.7602e-07, -2.23517e-08, 0.999996, -2.6226e-06, -2.90573e-07, -0.188044 )

[node name="Physical Bone wingfrontL" parent="Model/Armature/Skeleton" index="13"]
transform = Transform( 0.663723, -0.725664, 0.181382, 0.520303, 0.622116, 0.585036, -0.537373, -0.293923, 0.790472, -0.43287, 0.396057, -0.247459 )
collision_mask = 5
joint_offset = Transform( 1, 0, 0, 0, 1, 0, 0, 0, 1, 5.7742e-06, 6.23614e-06, 0.313058 )
body_offset = Transform( 0.886222, -0.129787, 0.444728, -0.132624, 0.848712, 0.511964, -0.443885, -0.512689, 0.73493, -0.13923, -0.160279, -0.23007 )

[node name="Physical Bone thighL" parent="Model/Armature/Skeleton" index="14"]
transform = Transform( -0.722898, -0.344894, 0.598711, 0.547008, -0.815049, 0.190944, 0.422122, 0.465529, 0.777873, -0.608539, 0.385135, -0.790644 )
collision_mask = 5
joint_offset = Transform( 1, 0, 0, 0, 1, 0, 0, 0, 1, 8.9407e-07, 5.96046e-07, 1.01642 )
body_offset = Transform( 0.878354, 0.310305, 0.363576, 0.00377886, 0.756082, -0.654453, -0.477981, 0.576215, 0.662951, -0.369546, 0.665197, -0.673835 )

[node name="Physical Bone pelvisR" parent="Model/Armature/Skeleton" index="15"]
transform = Transform( 8.60309e-08, 1, 9.38773e-07, -1, -4.67408e-08, -4.65661e-09, 2.51457e-07, 2.23517e-08, 0.999996, 2.83122e-07, 0.579211, -0.188044 )
collision_mask = 5
joint_offset = Transform( 1, 0, 0, 0, 1, 0, 0, 0, 1, -2.63749e-06, -4.67104e-07, 0.188045 )
body_offset = Transform( 1, 4.41214e-08, 7.91624e-08, 8.59727e-08, 1, 9.38773e-07, 1.7602e-07, 2.23517e-08, 0.999996, 2.6226e-06, 2.90573e-07, -0.188044 )

[node name="Physical Bone wingfrontR" parent="Model/Armature/Skeleton" index="16"]
transform = Transform( 0.687719, 0.715023, -0.125639, -0.502532, 0.593762, 0.628417, 0.523929, -0.369036, 0.767656, 0.415416, 0.382483, -0.240318 )
collision_mask = 5
joint_offset = Transform( 1, 0, 0, 0, 1, 0, 0, 0, 1, 1.20699e-06, 3.62098e-06, 0.313055 )
body_offset = Transform( 0.891986, 0.133329, -0.431955, 0.157721, 0.80369, 0.573762, 0.423654, -0.579917, 0.695845, 0.135224, -0.179622, -0.217836 )

[node name="Physical Bone thighR" parent="Model/Armature/Skeleton" index="17"]
transform = Transform( -0.94577, 0.215712, -0.24288, -0.280737, -0.918929, 0.277045, -0.16343, 0.330206, 0.929655, 0.246871, 0.297619, -0.944916 )
collision_mask = 5
joint_offset = Transform( 1, 0, 0, 0, 1, 0, 0, 0, 1, 3.09944e-06, -3.01003e-06, 1.01642 )
body_offset = Transform( 0.89877, -0.250124, -0.360076, -0.0744693, 0.722265, -0.687595, 0.432052, 0.644802, 0.630525, 0.365984, 0.698886, -0.640876 )

[node name="BoneAttachment" parent="Model/Armature/Skeleton" index="18"]
transform = Transform( 0.0519101, 0.964784, -0.25787, 0.879272, 0.0782722, 0.469844, 0.473482, -0.251128, -0.844245, 0.273849, 1.05489, -1.27729 )

[node name="scytheparent" parent="Model" index="1"]
transform = Transform( -0.0362057, 0.971495, -0.234278, 0.871984, 0.145234, 0.467494, 0.488193, -0.18736, -0.852387, 0.284105, -0.360258, -1.242 )

[node name="AnimationPlayer" parent="Model" index="2"]
autoplay = "player_idle"
anims/RESET = SubResource( 4 )
anims/player_idleattack02 = ExtResource( 2 )

[node name="AttackHitbox" type="Area" parent="Model"]
transform = Transform( 0.999999, 0, 0, 0, 0.999999, 0, 0, 0, 0.999999, 0, 0, 0 )
collision_layer = 32
collision_mask = 76

[node name="CollisionShape" type="CollisionShape" parent="Model/AttackHitbox"]
transform = Transform( 1, 0, 0, 0, 1, 0, 0, 0, 1, -4.55651, -1.64687, 1.06216 )
shape = SubResource( 3 )
disabled = true

[connection signal="timeout" from="Timer" to="." method="_on_timeout"]
[connection signal="area_entered" from="Model/AttackHitbox" to="." method="_on_hit"]
[connection signal="body_entered" from="Model/AttackHitbox" to="." method="_on_hit"]

[editable path="Model"]
