[gd_scene load_steps=7 format=2]

[ext_resource path="res://scripts/player/player.gd" type="Script" id=1]
[ext_resource path="res://assets/models/player.tscn" type="PackedScene" id=4]

[sub_resource type="BoxShape" id=1]
extents = Vector3( 0.844698, 1.81682, 1 )

[sub_resource type="BoxShape" id=2]
extents = Vector3( 0.621861, 1.04194, 0.628027 )

[sub_resource type="Animation" id=4]
length = 0.001
tracks/0/type = "value"
tracks/0/path = NodePath("AttackHitbox/CollisionShape:disabled")
tracks/0/interp = 1
tracks/0/loop_wrap = true
tracks/0/imported = false
tracks/0/enabled = true
tracks/0/keys = {
"times": PoolRealArray( 0 ),
"transitions": PoolRealArray( 1 ),
"update": 0,
"values": [ true ]
}
tracks/1/type = "value"
tracks/1/path = NodePath("AttackHitbox/CollisionShape:translation")
tracks/1/interp = 1
tracks/1/loop_wrap = true
tracks/1/imported = false
tracks/1/enabled = true
tracks/1/keys = {
"times": PoolRealArray( 0 ),
"transitions": PoolRealArray( 1 ),
"update": 0,
"values": [ Vector3( -4.55651, -1.64687, 1.06216 ) ]
}
tracks/2/type = "value"
tracks/2/path = NodePath("AttackHitbox/CollisionShape:shape:extents")
tracks/2/interp = 1
tracks/2/loop_wrap = true
tracks/2/imported = false
tracks/2/enabled = true
tracks/2/keys = {
"times": PoolRealArray( 0 ),
"transitions": PoolRealArray( 1 ),
"update": 0,
"values": [ Vector3( 1.68414, 0.716361, 2.07755 ) ]
}

[sub_resource type="BoxShape" id=3]
extents = Vector3( 1.68414, 0.716361, 2.07755 )

[node name="Player" type="KinematicBody" groups=["player"]]
collision_layer = 2
collision_mask = 129
script = ExtResource( 1 )
BOOST_VELOCITY = 30

[node name="MeleeCollision" type="CollisionShape" parent="."]
transform = Transform( 1, 0, 0, 0, 1, 0, 0, 0, 1, 0, -0.240845, 0 )
shape = SubResource( 1 )

[node name="BulletCollision" type="Area" parent="."]
collision_layer = 16
collision_mask = 0

[node name="CollisionShape" type="CollisionShape" parent="BulletCollision"]
transform = Transform( 1, 0, 0, 0, 1, 0, 0, 0, 1, 0, -0.150776, 0 )
shape = SubResource( 2 )

[node name="Pivot" type="Spatial" parent="."]
transform = Transform( 1, 0, 0, 0, 1, 0, 0, 0, 1, 0, 1.05048, 0.735726 )

[node name="Camera" type="Camera" parent="Pivot"]
transform = Transform( 1, 0, 0, 0, 0.985592, 0.169143, 0, -0.169143, 0.985592, 0, 1.27801, 4.93297 )
current = true
far = 300.0

[node name="AttackTimer" type="Timer" parent="."]
one_shot = true

[node name="Model" parent="." instance=ExtResource( 4 )]

[node name="Physical Bone base" parent="Model/Armature/Skeleton" index="1"]
transform = Transform( 0.999999, -3.5885e-07, 9.98378e-07, -4.12692e-08, 1, -5.96046e-08, -7.45058e-08, -4.16301e-07, 0.999999, -2.23517e-08, -3.57628e-07, -0.289607 )
collision_mask = 5
joint_offset = Transform( 1, 0, 0, 0, 1, 0, 0, 0, 1, -2.66786e-07, 2.55681e-07, 0.289607 )
body_offset = Transform( 0.999999, -3.58908e-07, 9.98378e-07, -3.38187e-08, 1, -5.96046e-08, -7.45058e-08, -4.17233e-07, 0.999999, -2.23517e-08, -2.38419e-07, -0.289607 )

[node name="Physical Bone abdomen1" parent="Model/Armature/Skeleton" index="2"]
transform = Transform( 0.643372, 0.00914575, -0.765498, 0.0371845, 0.998375, 0.0431809, 0.764649, -0.0562468, 0.641987, 0.139805, 0.571327, -0.117249 )
collision_mask = 5
joint_offset = Transform( 1, 0, 0, 0, 1, 0, 0, 0, 1, 5.65175e-07, 4.43086e-07, 0.182634 )
body_offset = Transform( 1, -2.19792e-07, 1.3113e-06, -6.51926e-07, 1, -1.41561e-07, -5.06639e-07, 1.28523e-07, 0.999999, -8.04663e-07, -4.17233e-07, -0.182634 )

[node name="Physical Bone abdomen2" parent="Model/Armature/Skeleton" index="3"]
transform = Transform( 0.652507, -0.00908009, -0.757727, 0.101524, 0.991961, 0.0755384, 0.750951, -0.126217, 0.648185, 0.141727, 0.930092, -0.138926 )
collision_mask = 5
joint_offset = Transform( 1, 0, 0, 0, 1, 0, 0, 0, 1, 2.57068e-07, -2.01703e-06, 0.182633 )
body_offset = Transform( 1, -1.49012e-08, 3.8743e-07, 7.45058e-09, 1, -5.21541e-08, 1.66893e-06, -2.38419e-07, 1, -3.27826e-07, 2.02656e-06, -0.182633 )

[node name="Physical Bone chest" parent="Model/Armature/Skeleton" index="4"]
transform = Transform( 0.961562, 0.0571936, -0.268567, 0.00136468, 0.977061, 0.212958, 0.274587, -0.205139, 0.939426, 0.109481, 1.21942, -0.449522 )
collision_mask = 5
joint_offset = Transform( 1, 0, 0, 0, 1, 0, 0, 0, 1, 5.66244e-07, 5.78991e-06, 0.407564 )
body_offset = Transform( 1, -8.19564e-08, 0, 2.5332e-07, 1, 8.9407e-08, 8.64267e-07, 1.04308e-07, 1, -5.66244e-07, -5.82635e-06, -0.407564 )

[node name="Physical Bone neck" parent="Model/Armature/Skeleton" index="5"]
transform = Transform( 0.854119, 0.103635, -0.509647, -0.0792336, 0.994434, 0.0694273, 0.514006, -0.0189184, 0.857575, 0.144283, 2.08933, -0.398156 )
collision_mask = 5
joint_offset = Transform( 1, 0, 0, 0, 1, 0, 0, 0, 1, -3.60829e-07, 3.48269e-06, 0.191582 )
body_offset = Transform( 1, 9.48785e-08, 3.27826e-07, -3.50177e-07, 0.999999, -4.44823e-07, -1.01328e-06, 1.18511e-07, 0.999997, 2.98023e-07, -3.39746e-06, -0.191582 )

[node name="Physical Bone shoulderL" parent="Model/Armature/Skeleton" index="6"]
transform = Transform( -0.17675, -0.87166, -0.457128, 0.954563, -0.265026, 0.136271, -0.239935, -0.412275, 0.878899, 0.207388, 2.05472, -0.542914 )
collision_mask = 5
joint_offset = Transform( 1, 0, 0, 0, 1, 0, 0, 0, 1, 2.86691e-06, -2.60945e-07, 0.351638 )
body_offset = Transform( 1, -3.8743e-07, -8.64267e-07, 9.0152e-07, 1, -8.04663e-07, -1.53482e-06, -2.05636e-06, 1, -2.563e-06, 5.43892e-07, -0.351638 )

[node name="Physical Bone bicepL" parent="Model/Armature/Skeleton" index="7"]
transform = Transform( -0.607098, 0.195402, -0.770226, 0.303696, -0.838654, -0.452135, -0.734302, -0.508407, 0.449804, -0.194489, 2.13455, -0.740982 )
collision_mask = 5
joint_offset = Transform( 1, 0, 0, 0, 1, 0, 0, 0, 1, -1.23315e-06, -2.28126e-06, 0.482828 )
body_offset = Transform( 1, 9.53674e-07, -6.55651e-07, -8.34465e-07, 1, -2.25008e-06, -1.19209e-06, 0, 0.999999, 1.54972e-06, 3.36766e-06, -0.482827 )

[node name="Physical Bone elbowL" parent="Model/Armature/Skeleton" index="8"]
transform = Transform( -0.200562, 0.690244, -0.695222, 0.531894, -0.519223, -0.66895, -0.822717, -0.503952, -0.263001, -0.324495, 1.15757, -0.994628 )
collision_mask = 5
joint_offset = Transform( 1, 0, 0, 0, 1, 0, 0, 0, 1, 8.27625e-07, -4.65782e-08, 0.076505 )
body_offset = Transform( 1, 1.96695e-06, 8.9407e-08, -5.06639e-07, 0.999999, 9.98378e-07, 1.78814e-07, -3.8743e-07, 0.999999, -8.34465e-07, -2.98023e-08, -0.0765049 )

[node name="Physical Bone shoulderR" parent="Model/Armature/Skeleton" index="9"]
transform = Transform( -0.244706, 0.967925, 0.0569661, -0.958346, -0.250373, 0.137435, 0.14729, -0.0209618, 0.988873, 0.0266113, 2.0543, -0.581587 )
collision_mask = 5
joint_offset = Transform( 1, 0, 0, 0, 1, 0, 0, 0, 1, -6.55322e-06, -7.4489e-07, 0.35164 )
body_offset = Transform( 1, -4.16301e-07, 4.99189e-07, 1.90455e-07, 1, 1.2666e-07, -5.96046e-08, 5.96046e-08, 1, 6.3777e-06, 7.00355e-07, -0.351641 )

[node name="Physical Bone bicepR" parent="Model/Armature/Skeleton" index="10"]
transform = Transform( -0.904919, 0.246619, -0.346846, -0.299018, -0.94836, 0.105827, -0.302835, 0.199478, 0.931932, 0.89483, 1.87546, -0.698566 )
collision_mask = 5
joint_offset = Transform( 1, 0, 0, 0, 1, 0, 0, 0, 1, 1.13863e-06, -2.05326e-06, 0.482829 )
body_offset = Transform( 1, -4.47035e-08, 3.57628e-07, -2.03401e-06, 1, -2.5332e-07, 1.72853e-06, -8.34465e-07, 1, -1.3113e-06, 2.17557e-06, -0.482829 )

[node name="Physical Bone elbowR" parent="Model/Armature/Skeleton" index="11"]
transform = Transform( -0.90893, 0.17144, -0.380068, -0.198207, -0.979631, 0.032118, -0.366824, 0.104525, 0.9244, 0.994592, 1.0083, -0.126696 )
collision_mask = 5
joint_offset = Transform( 1, 0, 0, 0, 1, 0, 0, 0, 1, 3.47011e-06, -5.13513e-06, 0.0765075 )
body_offset = Transform( 1, 2.86847e-07, -1.72853e-06, 2.04891e-07, 0.999998, 1.19209e-07, -2.68221e-07, 8.9407e-08, 1, -3.33786e-06, 5.126e-06, -0.0765075 )

[node name="Physical Bone pelvisL" parent="Model/Armature/Skeleton" index="12"]
transform = Transform( 1.12283e-07, -1, 7.45058e-09, 0.999999, 4.69736e-08, -9.31323e-10, -2.96161e-07, -2.98023e-08, 0.999999, 1.04308e-07, 0.579212, -0.188044 )
collision_mask = 5
joint_offset = Transform( 1, 0, 0, 0, 1, 0, 0, 0, 1, 1.2061e-06, 1.04308e-07, 0.188044 )
body_offset = Transform( 0.999999, 4.44124e-08, -7.45058e-08, -1.12283e-07, 1, 0, -2.21655e-07, -2.23517e-08, 0.999999, -1.19209e-06, -1.04308e-07, -0.188044 )

[node name="Physical Bone wingfrontL" parent="Model/Armature/Skeleton" index="13"]
transform = Transform( 0.76304, -0.611039, 0.210724, 0.640533, 0.758503, -0.119949, -0.0865416, 0.226502, 0.970158, -0.442057, 0.616759, -0.303717 )
collision_mask = 5
joint_offset = Transform( 1, 0, 0, 0, 1, 0, 0, 0, 1, 4.25863e-06, 3.78386e-06, 0.313058 )
body_offset = Transform( 1, -1.07568e-06, -2.75671e-07, -7.71601e-07, 0.999999, 1.93715e-07, 6.14673e-08, 4.47035e-08, 1, -4.17233e-06, -3.8445e-06, -0.313058 )

[node name="Physical Bone thighL" parent="Model/Armature/Skeleton" index="14"]
transform = Transform( -0.524319, -0.655334, 0.54371, 0.296974, -0.739154, -0.604527, 0.798054, -0.155497, 0.582172, -0.552636, 1.19367, -0.59173 )
collision_mask = 5
joint_offset = Transform( 1, 0, 0, 0, 1, 0, 0, 0, 1, -1.63913e-07, 1.28246e-06, 1.01642 )
body_offset = Transform( 0.999996, -4.17233e-07, 0, -3.72529e-07, 0.999995, 8.49366e-07, -1.75834e-06, 5.51343e-07, 0.999999, 1.63913e-07, -2.14577e-06, -1.01642 )

[node name="Physical Bone pelvisR" parent="Model/Armature/Skeleton" index="15"]
transform = Transform( -1.12283e-07, 1, 7.45058e-09, -0.999999, -4.69736e-08, -9.31323e-10, 2.96161e-07, 2.98023e-08, 0.999999, 1.04308e-07, 0.579212, -0.188044 )
collision_mask = 5
joint_offset = Transform( 1, 0, 0, 0, 1, 0, 0, 0, 1, -1.2061e-06, -1.04308e-07, 0.188044 )
body_offset = Transform( 0.999999, 4.44124e-08, 7.45058e-08, -1.12283e-07, 1, 0, 2.21655e-07, 2.23517e-08, 0.999999, 1.19209e-06, 1.04308e-07, -0.188044 )

[node name="Physical Bone wingfrontR" parent="Model/Armature/Skeleton" index="16"]
transform = Transform( 0.763039, 0.611039, -0.210724, -0.640533, 0.758502, -0.119948, 0.086541, 0.226501, 0.970154, 0.442054, 0.616763, -0.303712 )
collision_mask = 5
joint_offset = Transform( 1, 0, 0, 0, 1, 0, 0, 0, 1, 9.98515e-07, 2.16417e-06, 0.313055 )
body_offset = Transform( 1, 2.13087e-06, -1.09524e-06, 5.1409e-07, 0.999998, 4.17233e-07, -6.03497e-07, -1.78814e-07, 0.999996, -6.55651e-07, -2.29478e-06, -0.313053 )

[node name="Physical Bone thighR" parent="Model/Armature/Skeleton" index="17"]
transform = Transform( -0.816526, 0.393235, -0.422672, -0.122229, -0.833301, -0.539138, -0.564222, -0.388558, 0.728477, 0.429613, 1.1272, -0.740437 )
collision_mask = 5
joint_offset = Transform( 1, 0, 0, 0, 1, 0, 0, 0, 1, 1.0006e-06, -1.14316e-07, 1.01642 )
body_offset = Transform( 1, -1.19209e-07, -1.04308e-06, -7.45058e-08, 1, -2.98023e-07, -5.36442e-07, 4.76837e-07, 1, 5.96046e-08, 4.17233e-07, -1.01642 )

[node name="BoneAttachment" parent="Model/Armature/Skeleton" index="18"]
transform = Transform( 0.05191, 0.964784, -0.25787, 0.879273, 0.0782723, 0.469844, 0.473482, -0.251128, -0.844245, 0.273849, 1.05489, -1.27729 )

[node name="scytheparent" parent="Model" index="1"]
transform = Transform( -0.0362058, 0.971495, -0.234278, 0.871984, 0.145234, 0.467494, 0.488193, -0.18736, -0.852387, 0.284105, -0.360258, -1.242 )

[node name="AnimationPlayer" parent="Model" index="2"]
anims/RESET = SubResource( 4 )

[node name="AttackHitbox" type="Area" parent="Model"]
transform = Transform( 0.999999, 0, 0, 0, 0.999999, 0, 0, 0, 0.999999, 0, 0, 0 )
collision_layer = 32
collision_mask = 76

[node name="CollisionShape" type="CollisionShape" parent="Model/AttackHitbox"]
transform = Transform( 1, 0, 0, 0, 1, 0, 0, 0, 1, -4.55651, -1.64687, 1.06216 )
shape = SubResource( 3 )
disabled = true

[connection signal="timeout" from="AttackTimer" to="." method="_attack_end"]
[connection signal="area_entered" from="Model/AttackHitbox" to="." method="_on_hit"]
[connection signal="body_entered" from="Model/AttackHitbox" to="." method="_on_hit"]

[editable path="Model"]
