[gd_scene load_steps=11 format=2]

[ext_resource path="res://scripts/player/player.gd" type="Script" id=1]
[ext_resource path="res://assets/textures/redbar.png" type="Texture" id=2]
[ext_resource path="res://assets/models/player.tscn" type="PackedScene" id=4]

[sub_resource type="BoxShape" id=1]
extents = Vector3( 0.844698, 1.81682, 1 )

[sub_resource type="BoxShape" id=2]
extents = Vector3( 0.621861, 1.04194, 0.628027 )

[sub_resource type="Animation" id=4]
length = 0.001
tracks/0/type = "value"
tracks/0/path = NodePath("AttackHitbox/CollisionShape:disabled")
tracks/0/interp = 1
tracks/0/loop_wrap = true
tracks/0/imported = false
tracks/0/enabled = true
tracks/0/keys = {
"times": PoolRealArray( 0 ),
"transitions": PoolRealArray( 1 ),
"update": 0,
"values": [ true ]
}
tracks/1/type = "value"
tracks/1/path = NodePath("AttackHitbox/CollisionShape:translation")
tracks/1/interp = 1
tracks/1/loop_wrap = true
tracks/1/imported = false
tracks/1/enabled = true
tracks/1/keys = {
"times": PoolRealArray( 0 ),
"transitions": PoolRealArray( 1 ),
"update": 0,
"values": [ Vector3( -4.55651, -1.64687, 1.06216 ) ]
}
tracks/2/type = "value"
tracks/2/path = NodePath("AttackHitbox/CollisionShape:shape:extents")
tracks/2/interp = 1
tracks/2/loop_wrap = true
tracks/2/imported = false
tracks/2/enabled = true
tracks/2/keys = {
"times": PoolRealArray( 0 ),
"transitions": PoolRealArray( 1 ),
"update": 0,
"values": [ Vector3( 1.68414, 0.716361, 2.07755 ) ]
}

[sub_resource type="BoxShape" id=3]
extents = Vector3( 1.68414, 0.716361, 2.07755 )

[sub_resource type="ParticlesMaterial" id=5]
trail_divisor = 6
spread = 180.0
gravity = Vector3( 0, -4.9, 0 )
initial_velocity = 10.0

[sub_resource type="SpatialMaterial" id=7]
params_billboard_mode = 3
particles_anim_h_frames = 1
particles_anim_v_frames = 1
particles_anim_loop = false
albedo_texture = ExtResource( 2 )

[sub_resource type="QuadMesh" id=6]
material = SubResource( 7 )
size = Vector2( 0.1, 0.1 )

[node name="Player" type="KinematicBody" groups=["player"]]
collision_layer = 2
collision_mask = 129
script = ExtResource( 1 )
BOOST_VELOCITY = 30

[node name="MeleeCollision" type="CollisionShape" parent="."]
transform = Transform( 1, 0, 0, 0, 1, 0, 0, 0, 1, 0, -0.240845, 0 )
shape = SubResource( 1 )

[node name="BulletCollision" type="Area" parent="."]
collision_layer = 16
collision_mask = 0

[node name="CollisionShape" type="CollisionShape" parent="BulletCollision"]
transform = Transform( 1, 0, 0, 0, 1, 0, 0, 0, 1, 0, -0.150776, 0 )
shape = SubResource( 2 )

[node name="Pivot" type="Spatial" parent="."]
transform = Transform( 1, 0, 0, 0, 1, 0, 0, 0, 1, 0, 1.05048, 0.735726 )

[node name="Camera" type="Camera" parent="Pivot"]
transform = Transform( 1, 0, 0, 0, 0.985592, 0.169143, 0, -0.169143, 0.985592, 0, 1.27801, 4.93297 )
current = true
far = 300.0

[node name="AttackTimer" type="Timer" parent="."]
one_shot = true

[node name="Model" parent="." instance=ExtResource( 4 )]

[node name="Physical Bone base" parent="Model/Armature/Skeleton" index="1"]
transform = Transform( 0.999999, -3.58559e-07, 1.08033e-06, -1.16124e-07, 1, -6.0536e-08, -7.45058e-08, -4.17233e-07, 0.999999, -1.49012e-08, -2.38419e-07, -0.289607 )
collision_mask = 5
joint_offset = Transform( 1, 0, 0, 0, 1, 0, 0, 0, 1, -2.95814e-07, 2.5568e-07, 0.289607 )
body_offset = Transform( 0.999999, -3.58559e-07, 1.07288e-06, -1.08674e-07, 1, -5.96046e-08, -7.45058e-08, -4.17233e-07, 0.999999, -1.49012e-08, -2.38419e-07, -0.289607 )

[node name="Physical Bone abdomen1" parent="Model/Armature/Skeleton" index="2"]
transform = Transform( 0.643373, 0.00914575, -0.765497, 0.0371845, 0.998375, 0.0431809, 0.76465, -0.0562468, 0.641987, 0.139806, 0.571327, -0.117249 )
collision_mask = 5
joint_offset = Transform( 1, 0, 0, 0, 1, 0, 0, 0, 1, 5.95869e-07, 7.44512e-07, 0.182634 )
body_offset = Transform( 1, -2.12342e-07, 1.87755e-06, -6.51926e-07, 1, -1.60187e-07, -8.34465e-07, 1.39698e-07, 0.999999, -9.38773e-07, -7.15256e-07, -0.182634 )

[node name="Physical Bone abdomen2" parent="Model/Armature/Skeleton" index="3"]
transform = Transform( 0.652507, -0.0090801, -0.757727, 0.101524, 0.991961, 0.0755385, 0.750951, -0.126217, 0.648185, 0.141726, 0.930093, -0.138925 )
collision_mask = 5
joint_offset = Transform( 1, 0, 0, 0, 1, 0, 0, 0, 1, 2.1638e-07, -2.61444e-06, 0.182633 )
body_offset = Transform( 1, -1.49012e-08, 4.47035e-07, 0, 1, -4.47035e-08, 1.81794e-06, -2.38419e-07, 1, -2.98023e-07, 2.6226e-06, -0.182633 )

[node name="Physical Bone chest" parent="Model/Armature/Skeleton" index="4"]
transform = Transform( 0.961562, 0.0571935, -0.268567, 0.00136474, 0.977061, 0.212958, 0.274587, -0.205139, 0.939426, 0.109481, 1.21942, -0.449523 )
collision_mask = 5
joint_offset = Transform( 1, 0, 0, 0, 1, 0, 0, 0, 1, 5.51343e-07, 5.87049e-06, 0.407564 )
body_offset = Transform( 1, -9.68575e-08, 0, 2.75671e-07, 1, 7.45058e-08, 9.23872e-07, 1.49012e-08, 1, -5.51343e-07, -5.90086e-06, -0.407564 )

[node name="Physical Bone neck" parent="Model/Armature/Skeleton" index="5"]
transform = Transform( 0.854119, 0.103635, -0.509647, -0.0792337, 0.994434, 0.0694272, 0.514007, -0.0189184, 0.857574, 0.144283, 2.08933, -0.398156 )
collision_mask = 5
joint_offset = Transform( 1, 0, 0, 0, 1, 0, 0, 0, 1, -2.20036e-07, 3.72463e-06, 0.191582 )
body_offset = Transform( 1, 9.06875e-08, 5.96046e-08, -3.55882e-07, 0.999999, -4.63217e-07, -1.04308e-06, 1.10478e-07, 0.999997, 2.08616e-07, -3.63588e-06, -0.191582 )

[node name="Physical Bone shoulderL" parent="Model/Armature/Skeleton" index="6"]
transform = Transform( -0.17675, -0.87166, -0.457128, 0.954563, -0.265026, 0.136271, -0.239935, -0.412275, 0.878899, 0.207388, 2.05472, -0.542914 )
collision_mask = 5
joint_offset = Transform( 1, 0, 0, 0, 1, 0, 0, 0, 1, 2.90883e-06, -2.68396e-07, 0.351638 )
body_offset = Transform( 1, -3.94881e-07, -9.83477e-07, 1.02073e-06, 1, -8.04663e-07, -1.63913e-06, -2.14577e-06, 1, -2.563e-06, 5.51343e-07, -0.351638 )

[node name="Physical Bone bicepL" parent="Model/Armature/Skeleton" index="7"]
transform = Transform( -0.607098, 0.195401, -0.770226, 0.303697, -0.838655, -0.452135, -0.734302, -0.508407, 0.449804, -0.194489, 2.13455, -0.740982 )
collision_mask = 5
joint_offset = Transform( 1, 0, 0, 0, 1, 0, 0, 0, 1, -1.24959e-06, -2.28024e-06, 0.482828 )
body_offset = Transform( 1, 9.53674e-07, -7.45058e-07, -7.7486e-07, 1, -2.19047e-06, -1.2219e-06, 0, 0.999999, 1.60933e-06, 3.33786e-06, -0.482827 )

[node name="Physical Bone elbowL" parent="Model/Armature/Skeleton" index="8"]
transform = Transform( -0.200562, 0.690244, -0.695223, 0.531895, -0.519223, -0.66895, -0.822716, -0.503953, -0.263002, -0.324495, 1.15757, -0.994628 )
collision_mask = 5
joint_offset = Transform( 1, 0, 0, 0, 1, 0, 0, 0, 1, 1.0592e-06, 1.28816e-07, 0.076505 )
body_offset = Transform( 1, 2.20537e-06, 1.78814e-07, -6.55651e-07, 0.999999, 1.04308e-06, 2.08616e-07, -6.55651e-07, 0.999999, -1.07288e-06, -2.08616e-07, -0.0765049 )

[node name="Physical Bone shoulderR" parent="Model/Armature/Skeleton" index="9"]
transform = Transform( -0.244705, 0.967922, 0.056966, -0.958345, -0.250372, 0.137435, 0.14729, -0.0209618, 0.988871, 0.0266112, 2.0543, -0.581587 )
collision_mask = 5
joint_offset = Transform( 1, 0, 0, 0, 1, 0, 0, 0, 1, -6.56371e-06, -7.2557e-07, 0.351641 )
body_offset = Transform( 1, -4.25149e-07, 5.28991e-07, 5.21541e-08, 1, 1.56462e-07, -8.19564e-08, 5.58794e-08, 1, 6.3777e-06, 6.70552e-07, -0.351641 )

[node name="Physical Bone bicepR" parent="Model/Armature/Skeleton" index="10"]
transform = Transform( -0.904919, 0.246619, -0.346847, -0.299018, -0.94836, 0.105827, -0.302835, 0.199478, 0.931932, 0.89483, 1.87546, -0.698565 )
collision_mask = 5
joint_offset = Transform( 1, 0, 0, 0, 1, 0, 0, 0, 1, 1.21262e-06, -2.09847e-06, 0.482829 )
body_offset = Transform( 1, -2.5332e-07, 3.27826e-07, -2.31713e-06, 1, -2.83122e-07, 1.84774e-06, -8.49366e-07, 1, -1.37091e-06, 2.23517e-06, -0.482829 )

[node name="Physical Bone elbowR" parent="Model/Armature/Skeleton" index="11"]
transform = Transform( -0.90893, 0.17144, -0.380068, -0.198207, -0.979631, 0.032118, -0.366824, 0.104525, 0.9244, 0.994593, 1.0083, -0.126695 )
collision_mask = 5
joint_offset = Transform( 1, 0, 0, 0, 1, 0, 0, 0, 1, 3.48151e-06, -5.13399e-06, 0.0765075 )
body_offset = Transform( 1, 2.98023e-07, -1.87755e-06, 1.37836e-07, 0.999998, 1.04308e-07, -2.68221e-07, 9.68575e-08, 1, -3.33786e-06, 5.126e-06, -0.0765074 )

[node name="Physical Bone pelvisL" parent="Model/Armature/Skeleton" index="12"]
transform = Transform( 8.28295e-08, -1, 8.19564e-08, 0.999999, 4.67408e-08, -4.65661e-09, -2.86847e-07, -2.23517e-08, 0.999999, 1.11759e-07, 0.579212, -0.188044 )
collision_mask = 5
joint_offset = Transform( 1, 0, 0, 0, 1, 0, 0, 0, 1, 1.20698e-06, 1.25769e-07, 0.188044 )
body_offset = Transform( 0.999999, 4.41214e-08, -7.91624e-08, -8.28295e-08, 1, -7.45058e-08, -2.12342e-07, -2.23517e-08, 0.999999, -1.19209e-06, -1.11759e-07, -0.188044 )

[node name="Physical Bone wingfrontL" parent="Model/Armature/Skeleton" index="13"]
transform = Transform( 0.76304, -0.611039, 0.210724, 0.640533, 0.758503, -0.119949, -0.0865416, 0.226502, 0.970159, -0.442058, 0.616758, -0.303717 )
collision_mask = 5
joint_offset = Transform( 1, 0, 0, 0, 1, 0, 0, 0, 1, 4.91661e-06, 4.35477e-06, 0.313058 )
body_offset = Transform( 1, -1.36904e-06, -2.83122e-07, -1.03842e-06, 0.999999, 1.78814e-07, 1.00583e-07, 4.47035e-08, 1, -4.82798e-06, -4.41074e-06, -0.313058 )

[node name="Physical Bone thighL" parent="Model/Armature/Skeleton" index="14"]
transform = Transform( -0.524319, -0.655334, 0.54371, 0.296974, -0.739154, -0.604528, 0.798053, -0.155497, 0.582172, -0.552637, 1.19367, -0.591731 )
collision_mask = 5
joint_offset = Transform( 1, 0, 0, 0, 1, 0, 0, 0, 1, -1.02351e-07, 1.20477e-06, 1.01642 )
body_offset = Transform( 0.999996, -4.47035e-07, -1.19209e-07, -4.91738e-07, 0.999995, 1.04308e-06, -1.75834e-06, 4.61936e-07, 0.999999, 2.23517e-07, -2.26498e-06, -1.01642 )

[node name="Physical Bone pelvisR" parent="Model/Armature/Skeleton" index="15"]
transform = Transform( -8.28295e-08, 1, 8.19564e-08, -0.999999, -4.67408e-08, -4.65661e-09, 2.86847e-07, 2.23517e-08, 0.999999, 1.11759e-07, 0.579212, -0.188044 )
collision_mask = 5
joint_offset = Transform( 1, 0, 0, 0, 1, 0, 0, 0, 1, -1.20698e-06, -1.25769e-07, 0.188044 )
body_offset = Transform( 0.999999, 4.41214e-08, 7.91624e-08, -8.28295e-08, 1, 7.45058e-08, 2.12342e-07, 2.23517e-08, 0.999999, 1.19209e-06, 1.11759e-07, -0.188044 )

[node name="Physical Bone wingfrontR" parent="Model/Armature/Skeleton" index="16"]
transform = Transform( 0.763039, 0.611039, -0.210724, -0.640533, 0.758502, -0.119948, 0.086541, 0.226501, 0.970154, 0.442054, 0.616762, -0.303712 )
collision_mask = 5
joint_offset = Transform( 1, 0, 0, 0, 1, 0, 0, 0, 1, 6.5488e-07, 2.62235e-06, 0.313054 )
body_offset = Transform( 1, 2.14949e-06, -1.13994e-06, 6.10948e-07, 0.999998, 4.76837e-07, -6.33299e-07, -1.49012e-07, 0.999996, -2.98023e-07, -2.77162e-06, -0.313053 )

[node name="Physical Bone thighR" parent="Model/Armature/Skeleton" index="17"]
transform = Transform( -0.816526, 0.393234, -0.422672, -0.122229, -0.833301, -0.539138, -0.564222, -0.388557, 0.728477, 0.429613, 1.1272, -0.740437 )
collision_mask = 5
joint_offset = Transform( 1, 0, 0, 0, 1, 0, 0, 0, 1, 1.46499e-06, 1.8958e-07, 1.01642 )
body_offset = Transform( 1, -1.49012e-07, -1.19209e-06, -1.19209e-07, 1, -6.55651e-07, -5.96046e-07, 5.36442e-07, 1, -2.5332e-07, 4.76837e-07, -1.01642 )

[node name="BoneAttachment" parent="Model/Armature/Skeleton" index="18"]
transform = Transform( 0.0519101, 0.964784, -0.25787, 0.879272, 0.0782722, 0.469844, 0.473482, -0.251128, -0.844245, 0.273849, 1.05489, -1.27729 )

[node name="scytheparent" parent="Model" index="1"]
transform = Transform( -0.0362057, 0.971495, -0.234278, 0.871984, 0.145234, 0.467494, 0.488193, -0.18736, -0.852387, 0.284105, -0.360258, -1.242 )

[node name="AnimationPlayer" parent="Model" index="2"]
anims/RESET = SubResource( 4 )

[node name="AttackHitbox" type="Area" parent="Model"]
transform = Transform( 0.999999, 0, 0, 0, 0.999999, 0, 0, 0, 0.999999, 0, 0, 0 )
collision_layer = 32
collision_mask = 76

[node name="CollisionShape" type="CollisionShape" parent="Model/AttackHitbox"]
transform = Transform( 1, 0, 0, 0, 1, 0, 0, 0, 1, -4.55651, -1.64687, 1.06216 )
shape = SubResource( 3 )
disabled = true

[node name="Particles" type="Particles" parent="."]
transform = Transform( 1, 0, 0, 0, 1, 0, 0, 0, 1, -0.11375, -0.10902, 0.129666 )
visible = false
amount = 100
local_coords = false
process_material = SubResource( 5 )
draw_pass_1 = SubResource( 6 )

[connection signal="timeout" from="AttackTimer" to="." method="_attack_end"]
[connection signal="area_entered" from="Model/AttackHitbox" to="." method="_on_hit"]
[connection signal="body_entered" from="Model/AttackHitbox" to="." method="_on_hit"]

[editable path="Model"]
