[gd_scene load_steps=10 format=2]

[ext_resource path="res://scripts/player/player.gd" type="Script" id=1]
[ext_resource path="res://assets/models/player_idleattack02.anim" type="Animation" id=2]
[ext_resource path="res://assets/models/player.tscn" type="PackedScene" id=4]

[sub_resource type="BoxShape" id=1]
extents = Vector3( 0.844698, 1.81682, 1 )

[sub_resource type="BoxShape" id=2]
extents = Vector3( 0.621861, 1.04194, 0.628027 )

[sub_resource type="Animation" id=5]
resource_name = "Aim"
tracks/0/type = "bezier"
tracks/0/path = NodePath(".:translation:x")
tracks/0/interp = 1
tracks/0/loop_wrap = true
tracks/0/imported = false
tracks/0/enabled = true
tracks/0/keys = {
"points": PoolRealArray( 0, -0.25, 0, 0.25, 0, 1.87699, -0.25, 0, 0.25, 0 ),
"times": PoolRealArray( 0, 1 )
}
tracks/1/type = "bezier"
tracks/1/path = NodePath(".:translation:y")
tracks/1/interp = 1
tracks/1/loop_wrap = true
tracks/1/imported = false
tracks/1/enabled = true
tracks/1/keys = {
"points": PoolRealArray( 1.27801, -0.25, 0, 0.25, 0, 1.27801, -0.25, 0, 0.25, 0 ),
"times": PoolRealArray( 0, 1 )
}
tracks/2/type = "bezier"
tracks/2/path = NodePath(".:translation:z")
tracks/2/interp = 1
tracks/2/loop_wrap = true
tracks/2/imported = false
tracks/2/enabled = true
tracks/2/keys = {
"points": PoolRealArray( 4.93297, -0.25, 0, 0.25, 0, 3.96439, -0.25, 0, 0.25, 0 ),
"times": PoolRealArray( 0, 1 )
}

[sub_resource type="Animation" id=6]
length = 0.001
tracks/0/type = "bezier"
tracks/0/path = NodePath(".:translation:x")
tracks/0/interp = 1
tracks/0/loop_wrap = true
tracks/0/imported = false
tracks/0/enabled = true
tracks/0/keys = {
"points": PoolRealArray( 0, -0.25, 0, 0.25, 0 ),
"times": PoolRealArray( 0 )
}
tracks/1/type = "bezier"
tracks/1/path = NodePath(".:translation:y")
tracks/1/interp = 1
tracks/1/loop_wrap = true
tracks/1/imported = false
tracks/1/enabled = true
tracks/1/keys = {
"points": PoolRealArray( 1.27801, -0.25, 0, 0.25, 0 ),
"times": PoolRealArray( 0 )
}
tracks/2/type = "bezier"
tracks/2/path = NodePath(".:translation:z")
tracks/2/interp = 1
tracks/2/loop_wrap = true
tracks/2/imported = false
tracks/2/enabled = true
tracks/2/keys = {
"points": PoolRealArray( 4.93297, -0.25, 0, 0.25, 0 ),
"times": PoolRealArray( 0 )
}

[sub_resource type="Animation" id=4]
length = 0.001
tracks/0/type = "value"
tracks/0/path = NodePath("AttackHitbox/CollisionShape:disabled")
tracks/0/interp = 1
tracks/0/loop_wrap = true
tracks/0/imported = false
tracks/0/enabled = true
tracks/0/keys = {
"times": PoolRealArray( 0 ),
"transitions": PoolRealArray( 1 ),
"update": 0,
"values": [ true ]
}
tracks/1/type = "value"
tracks/1/path = NodePath("AttackHitbox/CollisionShape:translation")
tracks/1/interp = 1
tracks/1/loop_wrap = true
tracks/1/imported = false
tracks/1/enabled = true
tracks/1/keys = {
"times": PoolRealArray( 0 ),
"transitions": PoolRealArray( 1 ),
"update": 0,
"values": [ Vector3( -4.55651, -1.64687, 1.06216 ) ]
}
tracks/2/type = "value"
tracks/2/path = NodePath("AttackHitbox/CollisionShape:shape:extents")
tracks/2/interp = 1
tracks/2/loop_wrap = true
tracks/2/imported = false
tracks/2/enabled = true
tracks/2/keys = {
"times": PoolRealArray( 0 ),
"transitions": PoolRealArray( 1 ),
"update": 0,
"values": [ Vector3( 1.68414, 0.716361, 2.07755 ) ]
}
tracks/3/type = "value"
tracks/3/path = NodePath("..:is_attacking")
tracks/3/interp = 1
tracks/3/loop_wrap = true
tracks/3/imported = false
tracks/3/enabled = true
tracks/3/keys = {
"times": PoolRealArray( 0 ),
"transitions": PoolRealArray( 1 ),
"update": 1,
"values": [ false ]
}
tracks/4/type = "value"
tracks/4/path = NodePath("..:is_beam_ready")
tracks/4/interp = 1
tracks/4/loop_wrap = true
tracks/4/imported = false
tracks/4/enabled = true
tracks/4/keys = {
"times": PoolRealArray( 0 ),
"transitions": PoolRealArray( 1 ),
"update": 1,
"values": [ false ]
}

[sub_resource type="BoxShape" id=3]
extents = Vector3( 1.68414, 0.716361, 2.07755 )

[node name="Player" type="KinematicBody" groups=["player"]]
collision_layer = 2
collision_mask = 129
script = ExtResource( 1 )
BOOST_VELOCITY = 30

[node name="MeleeCollision" type="CollisionShape" parent="."]
transform = Transform( 1, 0, 0, 0, 1, 0, 0, 0, 1, 0, -0.240845, 0 )
shape = SubResource( 1 )

[node name="BulletCollision" type="Area" parent="."]
collision_layer = 16
collision_mask = 0

[node name="CollisionShape" type="CollisionShape" parent="BulletCollision"]
transform = Transform( 1, 0, 0, 0, 1, 0, 0, 0, 1, 0, -0.150776, 0 )
shape = SubResource( 2 )

[node name="Pivot" type="Spatial" parent="."]
transform = Transform( 1, 0, 0, 0, 1, 0, 0, 0, 1, 0, 1.05048, 0.735726 )

[node name="Camera" type="Camera" parent="Pivot"]
transform = Transform( 1, 0, 0, 0, 0.985592, 0.169143, 0, -0.169143, 0.985592, 0, 1.27801, 4.93297 )
current = true
far = 300.0

[node name="AnimationPlayer" type="AnimationPlayer" parent="Pivot/Camera"]
anims/Aim = SubResource( 5 )
anims/RESET = SubResource( 6 )

[node name="ShotPoint" type="Position3D" parent="Pivot"]
transform = Transform( 1, 0, 0, 0, 1, 0, 0, 0, 1, 0.64742, -0.558807, -5.21342 )

[node name="Timer" type="Timer" parent="."]
one_shot = true

[node name="RegenTimer" type="Timer" parent="."]
one_shot = true

[node name="Model" parent="." instance=ExtResource( 4 )]

[node name="Skeleton" parent="Model/Armature" index="0"]
bones/29/bound_children = [  ]

[node name="Physical Bone base" parent="Model/Armature/Skeleton" index="1"]
transform = Transform( 0.999999, -3.58559e-07, 1.18464e-06, -3.62168e-07, 1, -7.54371e-08, -8.19564e-08, -4.17233e-07, 0.999995, -1.49012e-08, -2.38419e-07, -0.289607 )
collision_mask = 5
joint_offset = Transform( 1, 0, 0, 0, 1, 0, 0, 0, 1, -3.28181e-07, 2.60266e-07, 0.289608 )
body_offset = Transform( 0.999999, -3.58559e-07, 1.18464e-06, -3.62168e-07, 1, -7.54371e-08, -8.19564e-08, -4.17233e-07, 0.999995, -1.49012e-08, -2.38419e-07, -0.289607 )

[node name="Physical Bone abdomen1" parent="Model/Armature/Skeleton" index="2"]
transform = Transform( 0.643373, 0.00914562, -0.765496, 0.0371845, 0.998375, 0.043181, 0.764649, -0.0562466, 0.641989, 0.139805, 0.571326, -0.11725 )
collision_mask = 5
joint_offset = Transform( 1, 0, 0, 0, 1, 0, 0, 0, 1, 8.64493e-07, 1.39302e-06, 0.182634 )
body_offset = Transform( 1, -1.78814e-07, 3.8743e-06, -6.44475e-07, 1, -1.21072e-07, -9.23872e-07, 3.42727e-07, 0.999999, -1.57207e-06, -1.37091e-06, -0.182634 )

[node name="Physical Bone abdomen2" parent="Model/Armature/Skeleton" index="3"]
transform = Transform( 0.652507, -0.00908023, -0.757726, 0.101524, 0.991961, 0.0755388, 0.750951, -0.126217, 0.648184, 0.141727, 0.930094, -0.138925 )
collision_mask = 5
joint_offset = Transform( 1, 0, 0, 0, 1, 0, 0, 0, 1, 9.43152e-08, -3.57655e-06, 0.182633 )
body_offset = Transform( 1, -8.9407e-08, 6.25849e-07, 0, 1, 3.27826e-07, 1.81794e-06, -1.41561e-07, 0.999999, -2.08616e-07, 3.51667e-06, -0.182633 )

[node name="Physical Bone chest" parent="Model/Armature/Skeleton" index="4"]
transform = Transform( 0.945411, -0.141555, 0.293534, 0.0936222, 0.980741, 0.171419, -0.312145, -0.134579, 0.940455, -0.119609, 1.23635, -0.449941 )
collision_mask = 5
joint_offset = Transform( 1, 0, 0, 0, 1, 0, 0, 0, 1, 5.96046e-07, 6.39632e-06, 0.407563 )
body_offset = Transform( 0.823488, -0.171729, 0.54072, 0.209579, 0.977754, -0.00864901, -0.527205, 0.120447, 0.841159, -0.220377, 0.00351864, -0.342826 )

[node name="Physical Bone neck" parent="Model/Armature/Skeleton" index="5"]
transform = Transform( 0.99828, 0.0236636, 0.0536285, -0.0238851, 0.999708, 0.00348019, -0.0535329, -0.00475476, 0.998553, -0.125882, 2.10868, -0.368671 )
collision_mask = 5
joint_offset = Transform( 1, 0, 0, 0, 1, 0, 0, 0, 1, 0.165156, -0.00259574, 0.143847 )
body_offset = Transform( 0.827026, -0.0614425, 0.558793, 0.0807175, 0.996687, -0.00987257, -0.556339, 0.0532699, 0.829246, -0.217129, -0.00932372, -0.0272637 )

[node name="Physical Bone shoulderL" parent="Model/Armature/Skeleton" index="6"]
transform = Transform( -0.351852, -0.929564, 0.110062, 0.935447, -0.344947, 0.0771266, -0.0337317, 0.130091, 0.990928, -0.154062, 2.07851, -0.524793 )
collision_mask = 5
joint_offset = Transform( 1, 0, 0, 0, 1, 0, 0, 0, 1, -0.0578624, -0.157042, 0.312244 )
body_offset = Transform( 0.963227, -0.196187, -0.183588, 0.0726847, 0.848051, -0.52491, 0.25867, 0.492261, 0.831123, 0.0822493, 0.301285, -0.16724 )

[node name="Physical Bone bicepL" parent="Model/Armature/Skeleton" index="7"]
transform = Transform( -0.549578, 0.793132, -0.262499, -0.831911, -0.548401, 0.0847501, -0.0767388, 0.264951, 0.961202, -0.752081, 1.96568, -0.62621 )
collision_mask = 5
joint_offset = Transform( 1, 0, 0, 0, 1, 0, 0, 0, 1, -0.0687984, 0.201529, 0.0454981 )
body_offset = Transform( 0.13735, -0.84261, -0.520712, 0.629311, 0.480195, -0.61105, 0.76492, -0.243763, 0.596217, 0.202951, -0.0256759, 0.0746238 )

[node name="Physical Bone elbowL" parent="Model/Armature/Skeleton" index="8"]
transform = Transform( -0.256554, 0.892717, -0.370451, -0.632242, -0.444909, -0.634293, -0.731061, 0.0714836, 0.678556, -0.514206, 1.41092, 0.0924297 )
collision_mask = 5
joint_offset = Transform( 1, 0, 0, 0, 1, 0, 0, 0, 1, 0.966925, 0.178216, -0.608702 )
body_offset = Transform( 0.316625, -0.4745, -0.821338, 0.51961, 0.811177, -0.268321, 0.79357, -0.341817, 0.503396, -0.721539, -0.810316, -0.399987 )

[node name="Physical Bone shoulderR" parent="Model/Armature/Skeleton" index="9"]
transform = Transform( -0.0466507, 0.802592, 0.594699, -0.980051, -0.151918, 0.128146, 0.193195, -0.576858, 0.793668, -0.32448, 2.06056, -0.455432 )
collision_mask = 5
joint_offset = Transform( 1, 0, 0, 0, 1, 0, 0, 0, 1, -0.01574, 0.163654, 0.401954 )
body_offset = Transform( 0.979098, -0.135774, -0.151435, 0.196174, 0.826975, 0.526902, 0.0536937, -0.545597, 0.836325, 0.098501, -0.344041, -0.24603 )

[node name="Physical Bone bicepR" parent="Model/Armature/Skeleton" index="10"]
transform = Transform( -0.951798, 0.247277, -0.18149, -0.132173, 0.203293, 0.970155, 0.276791, 0.947378, -0.16081, 0.709988, 1.03371, -0.222623 )
collision_mask = 5
joint_offset = Transform( 1, 0, 0, 0, 1, 0, 0, 0, 1, -0.141738, 0.161193, 0.867225 )
body_offset = Transform( 0.816999, -0.571455, -0.0771641, -0.05417, 0.0571708, -0.996894, 0.574091, 0.818639, 0.0157538, 0.274833, 0.847638, -0.0642508 )

[node name="Physical Bone elbowR" parent="Model/Armature/Skeleton" index="11"]
transform = Transform( -0.874046, -0.20113, -0.442254, -0.405512, 0.803366, 0.436076, 0.267588, 0.560489, -0.783742, 0.501083, 1.8025, -0.0621747 )
collision_mask = 5
joint_offset = Transform( 1, 0, 0, 0, 1, 0, 0, 0, 1, -0.0832123, -0.725992, -0.555512 )
body_offset = Transform( 0.776665, -0.18202, 0.60304, 0.275376, -0.762901, -0.584936, 0.566533, 0.620362, -0.542397, 0.267479, -0.855884, 0.196212 )

[node name="Physical Bone pelvisL" parent="Model/Armature/Skeleton" index="12"]
transform = Transform( -8.60309e-08, -1, 5.96046e-07, 1, 4.67408e-08, -5.58794e-09, -2.51457e-07, -2.23517e-08, 0.999996, 2.83122e-07, 0.579211, -0.188044 )
collision_mask = 5
joint_offset = Transform( 1, 0, 0, 0, 1, 0, 0, 0, 1, 2.63802e-06, 4.01255e-07, 0.188045 )
body_offset = Transform( 1, 4.41214e-08, -8.19564e-08, 8.59727e-08, 1, -5.88596e-07, -1.7602e-07, -2.23517e-08, 0.999996, -2.6226e-06, -2.90573e-07, -0.188044 )

[node name="Physical Bone wingfrontL" parent="Model/Armature/Skeleton" index="13"]
transform = Transform( 0.667442, -0.721643, 0.183741, 0.51647, 0.626349, 0.583907, -0.536455, -0.294825, 0.790757, -0.433609, 0.396408, -0.247547 )
collision_mask = 5
joint_offset = Transform( 1, 0, 0, 0, 1, 0, 0, 0, 1, 7.23451e-06, 7.21216e-06, 0.313059 )
body_offset = Transform( 0.886525, -0.123929, 0.44578, -0.137596, 0.849261, 0.509731, -0.441751, -0.513225, 0.735839, -0.139561, -0.159581, -0.230354 )

[node name="Physical Bone thighL" parent="Model/Armature/Skeleton" index="14"]
transform = Transform( -0.661304, -0.425186, 0.617968, 0.483405, -0.871508, -0.0823361, 0.573573, 0.244278, 0.781879, -0.628114, 0.662903, -0.794717 )
collision_mask = 5
joint_offset = Transform( 1, 0, 0, 0, 1, 0, 0, 0, 1, 2.68221e-07, 1.3411e-06, 1.01642 )
body_offset = Transform( 0.948037, 0.159066, 0.275519, -0.0131244, 0.884837, -0.465699, -0.317871, 0.437884, 0.840959, -0.280043, 0.473344, -0.854767 )

[node name="Physical Bone pelvisR" parent="Model/Armature/Skeleton" index="15"]
transform = Transform( 8.60309e-08, 1, 5.96046e-07, -1, -4.67408e-08, -5.58794e-09, 2.51457e-07, 2.23517e-08, 0.999996, 2.83122e-07, 0.579211, -0.188044 )
collision_mask = 5
joint_offset = Transform( 1, 0, 0, 0, 1, 0, 0, 0, 1, -2.63802e-06, -4.01255e-07, 0.188045 )
body_offset = Transform( 1, 4.41214e-08, 8.19564e-08, 8.59727e-08, 1, 5.88596e-07, 1.7602e-07, 2.23517e-08, 0.999996, 2.6226e-06, 2.90573e-07, -0.188044 )

[node name="Physical Bone wingfrontR" parent="Model/Armature/Skeleton" index="16"]
transform = Transform( 0.671711, 0.732241, -0.112384, -0.520158, 0.574194, 0.632244, 0.527485, -0.366227, 0.766568, 0.411267, 0.381285, -0.239977 )
collision_mask = 5
joint_offset = Transform( 1, 0, 0, 0, 1, 0, 0, 0, 1, 7.89762e-07, 3.63588e-06, 0.313055 )
body_offset = Transform( 0.891369, 0.159244, -0.424387, 0.135375, 0.800005, 0.584518, 0.432591, -0.578473, 0.691537, 0.132855, -0.182989, -0.216487 )

[node name="Physical Bone thighR" parent="Model/Armature/Skeleton" index="17"]
transform = Transform( -0.92397, 0.182353, -0.336195, -0.205076, -0.978187, 0.0330395, -0.32284, 0.0994728, 0.941213, 0.341718, 0.54563, -0.956666 )
collision_mask = 5
joint_offset = Transform( 1, 0, 0, 0, 1, 0, 0, 0, 1, 3.32296e-06, -1.93715e-06, 1.01642 )
body_offset = Transform( 0.961664, -0.085458, -0.260579, -0.0670054, 0.84818, -0.525451, 0.26592, 0.522766, 0.809939, 0.264854, 0.53408, -0.823237 )

[node name="BoneAttachment" parent="Model/Armature/Skeleton" index="18"]
transform = Transform( 0.0519101, 0.964784, -0.25787, 0.879272, 0.0782722, 0.469844, 0.473482, -0.251128, -0.844245, 0.273849, 1.05489, -1.27729 )

[node name="scytheparent" parent="Model" index="1"]
transform = Transform( -0.0362057, 0.971495, -0.234278, 0.871984, 0.145234, 0.467494, 0.488193, -0.18736, -0.852387, 0.284105, -0.360258, -1.242 )

[node name="AnimationPlayer" parent="Model" index="2"]
autoplay = "player_idle"
anims/RESET = SubResource( 4 )
anims/player_idleattack02 = ExtResource( 2 )

[node name="AttackHitbox" type="Area" parent="Model"]
transform = Transform( 0.999999, 0, 0, 0, 0.999999, 0, 0, 0, 0.999999, 0, 0, 0 )
collision_layer = 32
collision_mask = 76

[node name="CollisionShape" type="CollisionShape" parent="Model/AttackHitbox"]
transform = Transform( 1, 0, 0, 0, 1, 0, 0, 0, 1, -4.55651, -1.64687, 1.06216 )
shape = SubResource( 3 )
disabled = true

[connection signal="timeout" from="Timer" to="." method="_on_timeout"]
[connection signal="area_entered" from="Model/AttackHitbox" to="." method="_on_hit"]
[connection signal="body_entered" from="Model/AttackHitbox" to="." method="_on_hit"]

[editable path="Model"]
