[gd_scene load_steps=7 format=2]

[ext_resource path="res://scripts/player/player.gd" type="Script" id=1]
[ext_resource path="res://assets/models/player.tscn" type="PackedScene" id=4]

[sub_resource type="BoxShape" id=1]
extents = Vector3( 0.844698, 1.81682, 1 )

[sub_resource type="BoxShape" id=2]
extents = Vector3( 0.621861, 1.04194, 0.628027 )

[sub_resource type="Animation" id=4]
length = 0.001
tracks/0/type = "value"
tracks/0/path = NodePath("AttackHitbox/CollisionShape:disabled")
tracks/0/interp = 1
tracks/0/loop_wrap = true
tracks/0/imported = false
tracks/0/enabled = true
tracks/0/keys = {
"times": PoolRealArray( 0 ),
"transitions": PoolRealArray( 1 ),
"update": 0,
"values": [ true ]
}
tracks/1/type = "value"
tracks/1/path = NodePath("AttackHitbox/CollisionShape:translation")
tracks/1/interp = 1
tracks/1/loop_wrap = true
tracks/1/imported = false
tracks/1/enabled = true
tracks/1/keys = {
"times": PoolRealArray( 0 ),
"transitions": PoolRealArray( 1 ),
"update": 0,
"values": [ Vector3( -4.55651, -1.64687, 1.06216 ) ]
}
tracks/2/type = "value"
tracks/2/path = NodePath("AttackHitbox/CollisionShape:shape:extents")
tracks/2/interp = 1
tracks/2/loop_wrap = true
tracks/2/imported = false
tracks/2/enabled = true
tracks/2/keys = {
"times": PoolRealArray( 0 ),
"transitions": PoolRealArray( 1 ),
"update": 0,
"values": [ Vector3( 1.68414, 0.716361, 2.07755 ) ]
}
tracks/3/type = "value"
tracks/3/path = NodePath("..:is_attacking")
tracks/3/interp = 1
tracks/3/loop_wrap = true
tracks/3/imported = false
tracks/3/enabled = true
tracks/3/keys = {
"times": PoolRealArray( 0 ),
"transitions": PoolRealArray( 1 ),
"update": 1,
"values": [ false ]
}

[sub_resource type="BoxShape" id=3]
extents = Vector3( 1.68414, 0.716361, 2.07755 )

[node name="Player" type="KinematicBody" groups=["player"]]
collision_layer = 2
collision_mask = 129
script = ExtResource( 1 )
BOOST_VELOCITY = 30

[node name="MeleeCollision" type="CollisionShape" parent="."]
transform = Transform( 1, 0, 0, 0, 1, 0, 0, 0, 1, 0, -0.240845, 0 )
shape = SubResource( 1 )

[node name="BulletCollision" type="Area" parent="."]
collision_layer = 16
collision_mask = 0

[node name="CollisionShape" type="CollisionShape" parent="BulletCollision"]
transform = Transform( 1, 0, 0, 0, 1, 0, 0, 0, 1, 0, -0.150776, 0 )
shape = SubResource( 2 )

[node name="Pivot" type="Spatial" parent="."]
transform = Transform( 1, 0, 0, 0, 1, 0, 0, 0, 1, 0, 1.05048, 0.735726 )

[node name="Camera" type="Camera" parent="Pivot"]
transform = Transform( 1, 0, 0, 0, 0.985592, 0.169143, 0, -0.169143, 0.985592, 0, 1.27801, 4.93297 )
current = true
far = 300.0

[node name="Timer" type="Timer" parent="."]
one_shot = true

[node name="RegenTimer" type="Timer" parent="."]
one_shot = true

[node name="Model" parent="." instance=ExtResource( 4 )]

[node name="Physical Bone base" parent="Model/Armature/Skeleton" index="1"]
transform = Transform( 0.999999, -3.58559e-07, 1.2517e-06, -3.54717e-07, 1, -6.79865e-08, -8.19564e-08, -4.17233e-07, 0.999998, -1.49012e-08, -2.38419e-07, -0.289607 )
collision_mask = 5
joint_offset = Transform( 1, 0, 0, 0, 1, 0, 0, 0, 1, -3.476e-07, 2.58378e-07, 0.289607 )
body_offset = Transform( 0.999999, -3.58559e-07, 1.2517e-06, -3.47267e-07, 1, -6.89179e-08, -8.19564e-08, -4.17233e-07, 0.999998, -1.49012e-08, -2.38419e-07, -0.289607 )

[node name="Physical Bone abdomen1" parent="Model/Armature/Skeleton" index="2"]
transform = Transform( 0.643373, 0.00914568, -0.765496, 0.0371845, 0.998376, 0.043181, 0.764649, -0.0562467, 0.641988, 0.139805, 0.571326, -0.117249 )
collision_mask = 5
joint_offset = Transform( 1, 0, 0, 0, 1, 0, 0, 0, 1, 6.57526e-07, 1.32899e-06, 0.182634 )
body_offset = Transform( 1, -2.12342e-07, 2.68221e-06, -6.44475e-07, 1, -9.68575e-08, -9.23872e-07, 2.45869e-07, 0.999999, -1.14739e-06, -1.3113e-06, -0.182634 )

[node name="Physical Bone abdomen2" parent="Model/Armature/Skeleton" index="3"]
transform = Transform( 0.652507, -0.00908012, -0.757727, 0.101524, 0.991961, 0.0755386, 0.750951, -0.126217, 0.648185, 0.141727, 0.930094, -0.138926 )
collision_mask = 5
joint_offset = Transform( 1, 0, 0, 0, 1, 0, 0, 0, 1, 7.99946e-08, -3.53028e-06, 0.182633 )
body_offset = Transform( 1, -1.49012e-08, 7.45058e-07, 0, 1, 7.45058e-08, 1.81794e-06, -2.23517e-07, 1, -2.16067e-07, 3.51667e-06, -0.182633 )

[node name="Physical Bone chest" parent="Model/Armature/Skeleton" index="4"]
transform = Transform( 0.961562, 0.0571931, -0.268567, 0.00136458, 0.977061, 0.212959, 0.274587, -0.205139, 0.939426, 0.109481, 1.21942, -0.449523 )
collision_mask = 5
joint_offset = Transform( 1, 0, 0, 0, 1, 0, 0, 0, 1, 6.12077e-07, 5.81358e-06, 0.407564 )
body_offset = Transform( 1, -4.84288e-07, -1.49012e-07, 8.19564e-08, 1, 5.06639e-07, 1.04308e-06, 1.49012e-07, 1, -5.51343e-07, -6.02007e-06, -0.407564 )

[node name="Physical Bone neck" parent="Model/Armature/Skeleton" index="5"]
transform = Transform( 0.854119, 0.103634, -0.509647, -0.0792337, 0.994434, 0.0694271, 0.514006, -0.0189178, 0.857574, 0.144283, 2.08933, -0.398156 )
collision_mask = 5
joint_offset = Transform( 1, 0, 0, 0, 1, 0, 0, 0, 1, -1.01107e-07, 4.71834e-06, 0.191583 )
body_offset = Transform( 1, 2.50293e-08, -3.27826e-07, -3.33763e-07, 0.999999, -6.72182e-07, -1.19209e-06, 8.97562e-07, 0.999997, 1.63913e-07, -4.58956e-06, -0.191582 )

[node name="Physical Bone shoulderL" parent="Model/Armature/Skeleton" index="6"]
transform = Transform( -0.17675, -0.87166, -0.457128, 0.954563, -0.265027, 0.13627, -0.239936, -0.412275, 0.878899, 0.207388, 2.05472, -0.542914 )
collision_mask = 5
joint_offset = Transform( 1, 0, 0, 0, 1, 0, 0, 0, 1, 3.33261e-06, -2.10429e-07, 0.351638 )
body_offset = Transform( 1, -5.66244e-07, -1.3411e-06, 1.38581e-06, 1, -7.15256e-07, -1.96695e-06, -2.563e-06, 1, -2.86102e-06, 4.61936e-07, -0.351638 )

[node name="Physical Bone bicepL" parent="Model/Armature/Skeleton" index="7"]
transform = Transform( -0.607098, 0.195401, -0.770224, 0.303697, -0.838653, -0.452135, -0.734302, -0.508407, 0.449804, -0.194489, 2.13455, -0.740983 )
collision_mask = 5
joint_offset = Transform( 1, 0, 0, 0, 1, 0, 0, 0, 1, -1.10569e-06, -3.14451e-06, 0.482828 )
body_offset = Transform( 0.999999, 1.43051e-06, -1.04308e-06, -1.04308e-06, 0.999999, -2.19047e-06, -1.46031e-06, -1.63913e-07, 0.999998, 1.60933e-06, 4.20213e-06, -0.482827 )

[node name="Physical Bone elbowL" parent="Model/Armature/Skeleton" index="8"]
transform = Transform( -0.200562, 0.690244, -0.695223, 0.531895, -0.519223, -0.66895, -0.822716, -0.503953, -0.263002, -0.324495, 1.15757, -0.994627 )
collision_mask = 5
joint_offset = Transform( 1, 0, 0, 0, 1, 0, 0, 0, 1, 1.10741e-06, 2.72128e-07, 0.0765053 )
body_offset = Transform( 1, 2.41399e-06, 3.27826e-07, -6.55651e-07, 0.999999, 1.11759e-06, 2.08616e-07, -7.59959e-07, 0.999999, -1.13249e-06, -3.57628e-07, -0.0765052 )

[node name="Physical Bone shoulderR" parent="Model/Armature/Skeleton" index="9"]
transform = Transform( -0.244705, 0.967922, 0.0569663, -0.958345, -0.250372, 0.137435, 0.147289, -0.0209621, 0.988871, 0.0266116, 2.0543, -0.581587 )
collision_mask = 5
joint_offset = Transform( 1, 0, 0, 0, 1, 0, 0, 0, 1, -6.55913e-06, -1.22254e-06, 0.351641 )
body_offset = Transform( 1, -3.65078e-07, 6.85453e-07, 5.6671e-07, 1, 5.10365e-07, -2.90573e-07, -3.241e-07, 1, 6.31809e-06, 1.04308e-06, -0.351641 )

[node name="Physical Bone bicepR" parent="Model/Armature/Skeleton" index="10"]
transform = Transform( -0.904919, 0.24662, -0.346847, -0.299018, -0.94836, 0.105827, -0.302835, 0.199478, 0.931932, 0.89483, 1.87546, -0.698565 )
collision_mask = 5
joint_offset = Transform( 1, 0, 0, 0, 1, 0, 0, 0, 1, 1.01117e-06, -2.79525e-06, 0.482829 )
body_offset = Transform( 1, -4.17233e-07, 7.45058e-07, -2.30968e-06, 1, -7.45058e-08, 2.20537e-06, -9.38773e-07, 1, -1.37091e-06, 2.83122e-06, -0.482829 )

[node name="Physical Bone elbowR" parent="Model/Armature/Skeleton" index="11"]
transform = Transform( -0.90893, 0.17144, -0.380068, -0.198207, -0.979631, 0.032118, -0.366824, 0.104525, 0.9244, 0.994592, 1.0083, -0.126696 )
collision_mask = 5
joint_offset = Transform( 1, 0, 0, 0, 1, 0, 0, 0, 1, 2.83954e-06, -5.97815e-06, 0.0765075 )
body_offset = Transform( 1, 5.06639e-07, -2.05636e-06, 1.86265e-07, 0.999997, 2.30968e-07, -1.19209e-07, 7.45058e-08, 1, -2.68221e-06, 5.96046e-06, -0.0765075 )

[node name="Physical Bone pelvisL" parent="Model/Armature/Skeleton" index="12"]
transform = Transform( -2.01981e-08, -1, 3.12924e-07, 0.999999, 4.67408e-08, -1.58325e-08, -2.65427e-07, -2.23517e-08, 0.999999, 2.45869e-07, 0.579212, -0.188044 )
collision_mask = 5
joint_offset = Transform( 1, 0, 0, 0, 1, 0, 0, 0, 1, 2.1028e-06, 3.10762e-07, 0.188044 )
body_offset = Transform( 0.999999, 4.41214e-08, -8.84756e-08, 2.76486e-08, 1, -3.05474e-07, -1.89058e-07, -2.23517e-08, 0.999999, -2.08616e-06, -2.5332e-07, -0.188044 )

[node name="Physical Bone wingfrontL" parent="Model/Armature/Skeleton" index="13"]
transform = Transform( 0.763039, -0.611039, 0.210724, 0.640533, 0.758503, -0.119949, -0.0865415, 0.226502, 0.970158, -0.442058, 0.616757, -0.303717 )
collision_mask = 5
joint_offset = Transform( 1, 0, 0, 0, 1, 0, 0, 0, 1, 5.72951e-06, 4.79714e-06, 0.313058 )
body_offset = Transform( 1, -1.49384e-06, -2.14204e-07, -9.09436e-07, 1, 1.93715e-07, 9.49949e-08, 1.49012e-07, 0.999999, -5.66244e-06, -4.85778e-06, -0.313058 )

[node name="Physical Bone thighL" parent="Model/Armature/Skeleton" index="14"]
transform = Transform( -0.524318, -0.655332, 0.54371, 0.296974, -0.739152, -0.604527, 0.798053, -0.155497, 0.582172, -0.552637, 1.19367, -0.591731 )
collision_mask = 5
joint_offset = Transform( 1, 0, 0, 0, 1, 0, 0, 0, 1, -9.94141e-08, 1.50965e-06, 1.01642 )
body_offset = Transform( 0.999995, -6.4075e-07, -2.98023e-07, -5.06639e-07, 0.999992, 6.25849e-07, -1.69873e-06, 3.27826e-07, 0.999999, 4.02331e-07, -2.14577e-06, -1.01642 )

[node name="Physical Bone pelvisR" parent="Model/Armature/Skeleton" index="15"]
transform = Transform( 2.01981e-08, 1, 3.12924e-07, -0.999999, -4.67408e-08, -1.58325e-08, 2.65427e-07, 2.23517e-08, 0.999999, 2.45869e-07, 0.579212, -0.188044 )
collision_mask = 5
joint_offset = Transform( 1, 0, 0, 0, 1, 0, 0, 0, 1, -2.1028e-06, -3.10762e-07, 0.188044 )
body_offset = Transform( 0.999999, 4.41214e-08, 8.84756e-08, 2.76486e-08, 1, 3.05474e-07, 1.89058e-07, 2.23517e-08, 0.999999, 2.08616e-06, 2.5332e-07, -0.188044 )

[node name="Physical Bone wingfrontR" parent="Model/Armature/Skeleton" index="16"]
transform = Transform( 0.763039, 0.611039, -0.210723, -0.640533, 0.758503, -0.119947, 0.0865409, 0.226501, 0.970153, 0.442054, 0.616762, -0.303711 )
collision_mask = 5
joint_offset = Transform( 1, 0, 0, 0, 1, 0, 0, 0, 1, 4.60779e-07, 2.41165e-06, 0.313055 )
body_offset = Transform( 1, 2.13087e-06, -1.2815e-06, 6.03497e-07, 0.999999, 8.64267e-07, -6.4075e-07, -3.8743e-07, 0.999995, -5.96046e-08, -2.68221e-06, -0.313053 )

[node name="Physical Bone thighR" parent="Model/Armature/Skeleton" index="17"]
transform = Transform( -0.816526, 0.393234, -0.422672, -0.122229, -0.833299, -0.539138, -0.564222, -0.388557, 0.728477, 0.429613, 1.1272, -0.740438 )
collision_mask = 5
joint_offset = Transform( 1, 0, 0, 0, 1, 0, 0, 0, 1, 9.30012e-07, -1.75296e-06, 1.01642 )
body_offset = Transform( 1, -3.27826e-07, -1.2815e-06, -2.08616e-07, 0.999998, -3.27826e-07, -4.76837e-07, 4.76837e-07, 1, 3.72529e-07, 2.08616e-06, -1.01642 )

[node name="BoneAttachment" parent="Model/Armature/Skeleton" index="18"]
transform = Transform( 0.0519101, 0.964784, -0.25787, 0.879272, 0.0782722, 0.469844, 0.473482, -0.251128, -0.844245, 0.273849, 1.05489, -1.27729 )

[node name="scytheparent" parent="Model" index="1"]
transform = Transform( -0.0362057, 0.971495, -0.234278, 0.871984, 0.145234, 0.467494, 0.488193, -0.18736, -0.852387, 0.284105, -0.360258, -1.242 )

[node name="AnimationPlayer" parent="Model" index="2"]
anims/RESET = SubResource( 4 )

[node name="AttackHitbox" type="Area" parent="Model"]
transform = Transform( 0.999999, 0, 0, 0, 0.999999, 0, 0, 0, 0.999999, 0, 0, 0 )
collision_layer = 32
collision_mask = 76

[node name="CollisionShape" type="CollisionShape" parent="Model/AttackHitbox"]
transform = Transform( 1, 0, 0, 0, 1, 0, 0, 0, 1, -4.55651, -1.64687, 1.06216 )
shape = SubResource( 3 )
disabled = true

[connection signal="timeout" from="Timer" to="." method="_on_timeout"]
[connection signal="area_entered" from="Model/AttackHitbox" to="." method="_on_hit"]
[connection signal="body_entered" from="Model/AttackHitbox" to="." method="_on_hit"]

[editable path="Model"]
