[gd_scene load_steps=10 format=2]

[ext_resource path="res://scripts/player/player.gd" type="Script" id=1]
[ext_resource path="res://assets/models/player_idleattack02.anim" type="Animation" id=2]
[ext_resource path="res://assets/models/player.tscn" type="PackedScene" id=4]

[sub_resource type="BoxShape" id=1]
extents = Vector3( 0.844698, 1.81682, 1 )

[sub_resource type="BoxShape" id=2]
extents = Vector3( 0.621861, 1.04194, 0.628027 )

[sub_resource type="Animation" id=5]
resource_name = "Aim"
tracks/0/type = "bezier"
tracks/0/path = NodePath(".:translation:x")
tracks/0/interp = 1
tracks/0/loop_wrap = true
tracks/0/imported = false
tracks/0/enabled = true
tracks/0/keys = {
"points": PoolRealArray( 0, -0.25, 0, 0.25, 0, 1.68645, -0.25, 0, 0.25, 0 ),
"times": PoolRealArray( 0, 1 )
}
tracks/1/type = "bezier"
tracks/1/path = NodePath(".:translation:y")
tracks/1/interp = 1
tracks/1/loop_wrap = true
tracks/1/imported = false
tracks/1/enabled = true
tracks/1/keys = {
"points": PoolRealArray( 1.27801, -0.25, 0, 0.25, 0, 1.14529, -0.25, 0, 0.25, 0 ),
"times": PoolRealArray( 0, 1 )
}
tracks/2/type = "bezier"
tracks/2/path = NodePath(".:translation:z")
tracks/2/interp = 1
tracks/2/loop_wrap = true
tracks/2/imported = false
tracks/2/enabled = true
tracks/2/keys = {
"points": PoolRealArray( 4.93297, -0.25, 0, 0.25, 0, 3.19102, -0.25, 0, 0.25, 0 ),
"times": PoolRealArray( 0, 1 )
}

[sub_resource type="Animation" id=6]
length = 0.001
tracks/0/type = "bezier"
tracks/0/path = NodePath(".:translation:x")
tracks/0/interp = 1
tracks/0/loop_wrap = true
tracks/0/imported = false
tracks/0/enabled = true
tracks/0/keys = {
"points": PoolRealArray( 0, -0.25, 0, 0.25, 0 ),
"times": PoolRealArray( 0 )
}
tracks/1/type = "bezier"
tracks/1/path = NodePath(".:translation:y")
tracks/1/interp = 1
tracks/1/loop_wrap = true
tracks/1/imported = false
tracks/1/enabled = true
tracks/1/keys = {
"points": PoolRealArray( 1.27801, -0.25, 0, 0.25, 0 ),
"times": PoolRealArray( 0 )
}
tracks/2/type = "bezier"
tracks/2/path = NodePath(".:translation:z")
tracks/2/interp = 1
tracks/2/loop_wrap = true
tracks/2/imported = false
tracks/2/enabled = true
tracks/2/keys = {
"points": PoolRealArray( 4.93297, -0.25, 0, 0.25, 0 ),
"times": PoolRealArray( 0 )
}

[sub_resource type="Animation" id=4]
length = 0.001
tracks/0/type = "value"
tracks/0/path = NodePath("AttackHitbox/CollisionShape:disabled")
tracks/0/interp = 1
tracks/0/loop_wrap = true
tracks/0/imported = false
tracks/0/enabled = true
tracks/0/keys = {
"times": PoolRealArray( 0 ),
"transitions": PoolRealArray( 1 ),
"update": 0,
"values": [ true ]
}
tracks/1/type = "value"
tracks/1/path = NodePath("AttackHitbox/CollisionShape:translation")
tracks/1/interp = 1
tracks/1/loop_wrap = true
tracks/1/imported = false
tracks/1/enabled = true
tracks/1/keys = {
"times": PoolRealArray( 0 ),
"transitions": PoolRealArray( 1 ),
"update": 0,
"values": [ Vector3( -4.55651, -1.64687, 1.06216 ) ]
}
tracks/2/type = "value"
tracks/2/path = NodePath("AttackHitbox/CollisionShape:shape:extents")
tracks/2/interp = 1
tracks/2/loop_wrap = true
tracks/2/imported = false
tracks/2/enabled = true
tracks/2/keys = {
"times": PoolRealArray( 0 ),
"transitions": PoolRealArray( 1 ),
"update": 0,
"values": [ Vector3( 1.68414, 0.716361, 2.07755 ) ]
}
tracks/3/type = "value"
tracks/3/path = NodePath("..:is_attacking")
tracks/3/interp = 1
tracks/3/loop_wrap = true
tracks/3/imported = false
tracks/3/enabled = true
tracks/3/keys = {
"times": PoolRealArray( 0 ),
"transitions": PoolRealArray( 1 ),
"update": 1,
"values": [ false ]
}
tracks/4/type = "value"
tracks/4/path = NodePath("..:is_beam_ready")
tracks/4/interp = 1
tracks/4/loop_wrap = true
tracks/4/imported = false
tracks/4/enabled = true
tracks/4/keys = {
"times": PoolRealArray( 0 ),
"transitions": PoolRealArray( 1 ),
"update": 1,
"values": [ false ]
}

[sub_resource type="BoxShape" id=3]
extents = Vector3( 1.68414, 0.716361, 2.07755 )

[node name="Player" type="KinematicBody" groups=["player"]]
collision_layer = 2
collision_mask = 129
script = ExtResource( 1 )
BOOST_VELOCITY = 30
BEAM_TIME = 1.5

[node name="MeleeCollision" type="CollisionShape" parent="."]
transform = Transform( 1, 0, 0, 0, 1, 0, 0, 0, 1, 0, -0.240845, 0 )
shape = SubResource( 1 )

[node name="BulletCollision" type="Area" parent="."]
collision_layer = 16
collision_mask = 0

[node name="CollisionShape" type="CollisionShape" parent="BulletCollision"]
transform = Transform( 1, 0, 0, 0, 1, 0, 0, 0, 1, 0, -0.150776, 0 )
shape = SubResource( 2 )

[node name="Pivot" type="Spatial" parent="."]
transform = Transform( 1, 0, 0, 0, 1, 0, 0, 0, 1, 0, 1.05048, 0.735726 )

[node name="Camera" type="ClippedCamera" parent="Pivot"]
transform = Transform( 1, 0, 0, 0, 0.985592, 0.169143, 0, -0.169143, 0.985592, 0, 1.27801, 4.93297 )
current = true
far = 300.0

[node name="AnimationPlayer" type="AnimationPlayer" parent="Pivot/Camera"]
anims/Aim = SubResource( 5 )
anims/RESET = SubResource( 6 )

[node name="ShotPoint" type="Position3D" parent="Pivot"]
transform = Transform( 1, 0, 0, 0, 1, 0, 0, 0, 1, 0.64742, -0.558807, -5.21342 )

[node name="Timer" type="Timer" parent="."]
one_shot = true

[node name="RegenTimer" type="Timer" parent="."]
one_shot = true

[node name="Model" parent="." instance=ExtResource( 4 )]

[node name="Skeleton" parent="Model/Armature" index="0"]
bones/29/bound_children = [  ]

[node name="Physical Bone base" parent="Model/Armature/Skeleton" index="1"]
transform = Transform( 0.999999, -3.58559e-07, 1.18464e-06, -3.62168e-07, 1, -7.54371e-08, -8.19564e-08, -4.17233e-07, 0.999995, -1.49012e-08, -2.38419e-07, -0.289607 )
collision_mask = 5
joint_offset = Transform( 1, 0, 0, 0, 1, 0, 0, 0, 1, -3.28181e-07, 2.60266e-07, 0.289608 )
body_offset = Transform( 0.999999, -3.58559e-07, 1.18464e-06, -3.62168e-07, 1, -7.54371e-08, -8.19564e-08, -4.17233e-07, 0.999995, -1.49012e-08, -2.38419e-07, -0.289607 )

[node name="Physical Bone abdomen1" parent="Model/Armature/Skeleton" index="2"]
transform = Transform( 0.643373, 0.00914559, -0.765496, 0.0371845, 0.998376, 0.043181, 0.764649, -0.0562466, 0.641989, 0.139805, 0.571324, -0.11725 )
collision_mask = 5
joint_offset = Transform( 1, 0, 0, 0, 1, 0, 0, 0, 1, 1.41383e-06, 3.06297e-06, 0.182634 )
body_offset = Transform( 1, -1.2666e-07, 3.8445e-06, -6.4075e-07, 1, -1.2666e-07, -9.23872e-07, 4.30271e-07, 0.999999, -2.11596e-06, -3.03984e-06, -0.182634 )

[node name="Physical Bone abdomen2" parent="Model/Armature/Skeleton" index="3"]
transform = Transform( 0.652507, -0.00908011, -0.757726, 0.101524, 0.991961, 0.0755388, 0.750951, -0.126216, 0.648184, 0.141727, 0.930094, -0.138926 )
collision_mask = 5
joint_offset = Transform( 1, 0, 0, 0, 1, 0, 0, 0, 1, 1.29561e-07, -3.58335e-06, 0.182633 )
body_offset = Transform( 1, 1.19209e-07, 5.96046e-07, -7.45058e-09, 1, 3.65078e-07, 1.78814e-06, -9.68575e-08, 0.999999, -2.38419e-07, 3.51667e-06, -0.182633 )

[node name="Physical Bone chest" parent="Model/Armature/Skeleton" index="4"]
transform = Transform( 0.89113, 0.452968, -0.0266209, -0.405116, 0.820676, 0.402959, 0.204374, -0.348303, 0.914831, 0.0108707, 1.14198, -0.439498 )
collision_mask = 5
joint_offset = Transform( 1, 0, 0, 0, 1, 0, 0, 0, 1, 3.42727e-07, 5.96419e-06, 0.407564 )
body_offset = Transform( 0.823488, -0.171729, 0.540719, 0.209579, 0.977756, -0.00864778, -0.527205, 0.120447, 0.841159, -0.220377, 0.00351863, -0.342827 )

[node name="Physical Bone neck" parent="Model/Armature/Skeleton" index="5"]
transform = Transform( 0.780722, 0.53755, -0.318609, -0.416131, 0.827623, 0.376663, 0.466163, -0.161486, 0.869833, 0.431739, 1.90493, -0.518308 )
collision_mask = 5
joint_offset = Transform( 1, 0, 0, 0, 1, 0, 0, 0, 1, 0.165156, -0.00259555, 0.143847 )
body_offset = Transform( 0.827026, -0.0614425, 0.558793, 0.080717, 0.996687, -0.0098725, -0.556339, 0.05327, 0.829246, -0.217129, -0.00932384, -0.0272637 )

[node name="Physical Bone shoulderL" parent="Model/Armature/Skeleton" index="6"]
transform = Transform( 0.230506, -0.944094, -0.235701, 0.902744, 0.117063, 0.413948, -0.363217, -0.308198, 0.87926, 0.452123, 1.8296, -0.659736 )
collision_mask = 5
joint_offset = Transform( 1, 0, 0, 0, 1, 0, 0, 0, 1, -0.0578617, -0.157043, 0.312243 )
body_offset = Transform( 0.963231, -0.196187, -0.183588, 0.0726852, 0.848053, -0.524911, 0.25867, 0.492261, 0.831126, 0.0822484, 0.301286, -0.16724 )

[node name="Physical Bone bicepL" parent="Model/Armature/Skeleton" index="7"]
transform = Transform( -0.654551, -0.0397676, -0.754967, -0.188083, -0.958652, 0.213564, -0.732247, 0.281783, 0.620009, 0.0465085, 2.02193, -0.978111 )
collision_mask = 5
joint_offset = Transform( 1, 0, 0, 0, 1, 0, 0, 0, 1, -0.0687988, 0.201529, 0.0454982 )
body_offset = Transform( 0.13735, -0.842609, -0.520712, 0.629311, 0.480195, -0.61105, 0.764919, -0.243763, 0.596217, 0.202951, -0.0256757, 0.0746239 )

[node name="Physical Bone elbowL" parent="Model/Armature/Skeleton" index="8"]
transform = Transform( -0.119493, 0.352649, -0.928094, -0.254943, -0.914346, -0.314603, -0.959544, 0.199016, 0.199162, -0.433794, 1.3845, -0.509335 )
collision_mask = 5
joint_offset = Transform( 1, 0, 0, 0, 1, 0, 0, 0, 1, 0.966923, 0.178215, -0.608702 )
body_offset = Transform( 0.316625, -0.4745, -0.821338, 0.51961, 0.811177, -0.268321, 0.79357, -0.341817, 0.503396, -0.721539, -0.810315, -0.399986 )

[node name="Physical Bone shoulderR" parent="Model/Armature/Skeleton" index="9"]
transform = Transform( -0.618975, 0.749036, 0.236259, -0.725262, -0.660549, 0.194093, 0.301444, -0.0512106, 0.952107, 0.286158, 1.9069, -0.685353 )
collision_mask = 5
joint_offset = Transform( 1, 0, 0, 0, 1, 0, 0, 0, 1, -0.0157487, 0.163653, 0.401956 )
body_offset = Transform( 0.9791, -0.135774, -0.151435, 0.196174, 0.826978, 0.526902, 0.0536935, -0.545597, 0.836325, 0.0985096, -0.34404, -0.246031 )

[node name="Physical Bone bicepR" parent="Model/Armature/Skeleton" index="10"]
transform = Transform( -0.361345, 0.605269, -0.709283, 0.0631832, 0.774823, 0.629012, 0.930291, 0.182475, -0.318218, 1.41756, 0.814491, 0.42725 )
collision_mask = 5
joint_offset = Transform( 1, 0, 0, 0, 1, 0, 0, 0, 1, -0.141738, 0.161193, 0.867225 )
body_offset = Transform( 0.816999, -0.571455, -0.0771642, -0.0541705, 0.0571713, -0.996894, 0.574092, 0.818639, 0.015754, 0.274833, 0.847638, -0.0642507 )

[node name="Physical Bone elbowR" parent="Model/Armature/Skeleton" index="11"]
transform = Transform( -0.822858, 0.482748, -0.299751, -0.0644529, 0.444814, 0.893302, 0.564576, 0.754383, -0.334907, 1.80184, 1.72368, 0.725198 )
collision_mask = 5
joint_offset = Transform( 1, 0, 0, 0, 1, 0, 0, 0, 1, -0.0832121, -0.72599, -0.55551 )
body_offset = Transform( 0.776663, -0.18202, 0.60304, 0.275375, -0.762901, -0.584936, 0.566533, 0.620362, -0.542397, 0.267478, -0.855882, 0.196212 )

[node name="Physical Bone pelvisL" parent="Model/Armature/Skeleton" index="12"]
transform = Transform( -8.60309e-08, -1, 8.71718e-07, 1, 4.67408e-08, 0, -2.51457e-07, -2.23517e-08, 0.999996, 2.83122e-07, 0.579211, -0.188044 )
collision_mask = 5
joint_offset = Transform( 1, 0, 0, 0, 1, 0, 0, 0, 1, 2.63679e-06, 4.54494e-07, 0.188045 )
body_offset = Transform( 1, 4.41214e-08, -7.54371e-08, 8.59727e-08, 1, -8.71718e-07, -1.7602e-07, -2.23517e-08, 0.999996, -2.6226e-06, -2.90573e-07, -0.188044 )

[node name="Physical Bone wingfrontL" parent="Model/Armature/Skeleton" index="13"]
transform = Transform( 0.760431, -0.619286, 0.195566, 0.565083, 0.779359, 0.270717, -0.320062, -0.0953493, 0.942591, -0.437312, 0.494455, -0.295084 )
collision_mask = 5
joint_offset = Transform( 1, 0, 0, 0, 1, 0, 0, 0, 1, 6.16908e-06, 6.82473e-06, 0.313059 )
body_offset = Transform( 0.88653, -0.123929, 0.445784, -0.137596, 0.849263, 0.509732, -0.441752, -0.513225, 0.735841, -0.139561, -0.159581, -0.230355 )

[node name="Physical Bone thighL" parent="Model/Armature/Skeleton" index="14"]
transform = Transform( -0.794909, -0.343473, 0.500134, 0.585606, -0.649919, 0.484412, 0.15866, 0.677941, 0.717782, -0.508344, 0.0868479, -0.729567 )
collision_mask = 5
joint_offset = Transform( 1, 0, 0, 0, 1, 0, 0, 0, 1, 1.51992e-06, 6.25849e-07, 1.01642 )
body_offset = Transform( 0.948036, 0.159066, 0.275518, -0.0131265, 0.884833, -0.465699, -0.317871, 0.437883, 0.84096, -0.280043, 0.473344, -0.854767 )

[node name="Physical Bone pelvisR" parent="Model/Armature/Skeleton" index="15"]
transform = Transform( 8.60309e-08, 1, 8.71718e-07, -1, -4.67408e-08, 0, 2.51457e-07, 2.23517e-08, 0.999996, 2.83122e-07, 0.579211, -0.188044 )
collision_mask = 5
joint_offset = Transform( 1, 0, 0, 0, 1, 0, 0, 0, 1, -2.63679e-06, -4.54494e-07, 0.188045 )
body_offset = Transform( 1, 4.41214e-08, 7.54371e-08, 8.59727e-08, 1, 8.71718e-07, 1.7602e-07, 2.23517e-08, 0.999996, 2.6226e-06, 2.90573e-07, -0.188044 )

[node name="Physical Bone wingfrontR" parent="Model/Armature/Skeleton" index="16"]
transform = Transform( 0.197024, 0.955835, 0.218079, -0.731221, -0.00490747, 0.682123, 0.653066, -0.293857, 0.697953, 0.307814, 0.365672, -0.218497 )
collision_mask = 5
joint_offset = Transform( 1, 0, 0, 0, 1, 0, 0, 0, 1, 7.82311e-07, 3.48687e-06, 0.313055 )
body_offset = Transform( 0.891369, 0.159244, -0.424387, 0.135373, 0.800005, 0.584518, 0.43259, -0.578473, 0.691536, 0.132855, -0.182989, -0.216487 )

[node name="Physical Bone thighR" parent="Model/Armature/Skeleton" index="17"]
transform = Transform( -0.961357, 0.262867, -0.0818333, -0.25987, -0.768279, 0.58499, 0.0909009, 0.583649, 0.806902, 0.0831805, -0.0153819, -0.820148 )
collision_mask = 5
joint_offset = Transform( 1, 0, 0, 0, 1, 0, 0, 0, 1, 3.17395e-06, -2.80142e-06, 1.01642 )
body_offset = Transform( 0.961664, -0.0854582, -0.260579, -0.0670067, 0.84818, -0.525451, 0.26592, 0.522767, 0.809939, 0.264854, 0.53408, -0.823236 )

[node name="BoneAttachment" parent="Model/Armature/Skeleton" index="18"]
transform = Transform( -0.436733, -0.610594, -0.660636, -0.874914, 0.459128, 0.154038, 0.209262, 0.645273, -0.734733, 0.670876, 0.808649, -1.62587 )

[node name="scytheparent" parent="Model" index="1"]
transform = Transform( -0.390529, -0.679143, -0.621492, -0.905066, 0.406702, 0.124291, 0.168351, 0.611031, -0.773498, 0.717764, -0.573822, -1.56774 )

[node name="AnimationPlayer" parent="Model" index="2"]
autoplay = "player_idle"
anims/RESET = SubResource( 4 )
anims/player_idleattack02 = ExtResource( 2 )

[node name="AttackHitbox" type="Area" parent="Model"]
transform = Transform( 0.999999, 0, 0, 0, 0.999999, 0, 0, 0, 0.999999, 0, 0, 0 )
collision_layer = 32
collision_mask = 76

[node name="CollisionShape" type="CollisionShape" parent="Model/AttackHitbox"]
transform = Transform( 1, 0, 0, 0, 1, 0, 0, 0, 1, -4.55651, -1.64687, 1.06216 )
shape = SubResource( 3 )
disabled = true

[connection signal="timeout" from="Timer" to="." method="_on_timeout"]
[connection signal="area_entered" from="Model/AttackHitbox" to="." method="_on_hit"]
[connection signal="body_entered" from="Model/AttackHitbox" to="." method="_on_hit"]

[editable path="Model"]
