[gd_scene load_steps=6 format=2]

[ext_resource path="res://scripts/player/player.gd" type="Script" id=1]
[ext_resource path="res://assets/models/player.tscn" type="PackedScene" id=4]

[sub_resource type="BoxShape" id=1]
extents = Vector3( 0.844698, 1.81682, 1 )

[sub_resource type="BoxShape" id=2]
extents = Vector3( 0.621861, 1.04194, 0.628027 )

[sub_resource type="BoxShape" id=3]
extents = Vector3( 0.422938, 0.42364, 0.47849 )

[node name="Player" type="KinematicBody" groups=["player"]]
collision_layer = 2
script = ExtResource( 1 )
BOOST_VELOCITY = 30

[node name="MeleeCollision" type="CollisionShape" parent="."]
transform = Transform( 1, 0, 0, 0, 1, 0, 0, 0, 1, 0, -0.240845, 0 )
shape = SubResource( 1 )

[node name="BulletCollision" type="Area" parent="."]
collision_layer = 16
collision_mask = 0

[node name="CollisionShape" type="CollisionShape" parent="BulletCollision"]
transform = Transform( 1, 0, 0, 0, 1, 0, 0, 0, 1, 0, -0.150776, 0 )
shape = SubResource( 2 )

[node name="Pivot" type="Spatial" parent="."]
transform = Transform( 1, 0, 0, 0, 1, 0, 0, 0, 1, 0, 1.05048, 0.735726 )

[node name="Camera" type="Camera" parent="Pivot"]
transform = Transform( 1, 0, 0, 0, 0.985592, 0.169143, 0, -0.169143, 0.985592, 0, 1.27801, 4.93297 )
current = true
far = 300.0

[node name="AttackTimer" type="Timer" parent="."]
one_shot = true

[node name="Model" parent="." instance=ExtResource( 4 )]

[node name="Physical Bone base" parent="Model/Armature/Skeleton" index="1"]
transform = Transform( 1, -2.08966e-08, 4.99189e-07, -2.38651e-09, 1, -2.14204e-08, 0, 6.23986e-08, 0.999999, 1.49012e-08, 0, -0.289607 )
collision_layer = 0
collision_mask = 5
joint_offset = Transform( 1, 0, 0, 0, 1, 0, 0, 0, 1, -1.57312e-07, 6.74294e-09, 0.289607 )
body_offset = Transform( 1, -1.3446e-08, 4.91738e-07, -2.38651e-09, 1, -2.32831e-08, 0, 6.14673e-08, 0.999999, 1.49012e-08, 0, -0.289607 )

[node name="Physical Bone abdomen1" parent="Model/Armature/Skeleton" index="2"]
transform = Transform( 0.643373, 0.00914593, -0.765499, 0.0371849, 0.998376, 0.0431813, 0.764649, -0.0562466, 0.641986, 0.139805, 0.571327, -0.117248 )
collision_layer = 0
collision_mask = 5
joint_offset = Transform( 1, 0, 0, 0, 1, 0, 0, 0, 1, 6.90629e-08, -3.74198e-08, 0.182633 )
body_offset = Transform( 1, 5.58794e-08, 2.98023e-08, -2.83122e-07, 1, 2.04891e-07, -8.9407e-07, 1.43424e-07, 1, -7.45058e-08, 0, -0.182633 )

[node name="Physical Bone abdomen2" parent="Model/Armature/Skeleton" index="3"]
transform = Transform( 0.652508, -0.00908018, -0.757727, 0.101523, 0.991961, 0.0755385, 0.750951, -0.126217, 0.648184, 0.141727, 0.930092, -0.138925 )
collision_layer = 0
collision_mask = 5
joint_offset = Transform( 1, 0, 0, 0, 1, 0, 0, 0, 1, -6.64749e-08, -1.61613e-06, 0.182633 )
body_offset = Transform( 1, 5.96046e-08, 1.19209e-07, 2.98023e-08, 1, 3.72529e-08, 1.04308e-06, -7.45058e-08, 0.999999, 4.47035e-08, 1.60933e-06, -0.182633 )

[node name="Physical Bone chest" parent="Model/Armature/Skeleton" index="4"]
transform = Transform( 0.961562, 0.0571938, -0.268567, 0.00136454, 0.977062, 0.212958, 0.274586, -0.205139, 0.939426, 0.109481, 1.21942, -0.449521 )
collision_layer = 0
collision_mask = 5
joint_offset = Transform( 1, 0, 0, 0, 1, 0, 0, 0, 1, 2.39232e-07, 2.76773e-06, 0.407562 )
body_offset = Transform( 1, 9.68575e-08, 8.9407e-08, 1.3411e-07, 1, 1.19209e-07, 6.55651e-07, -8.9407e-08, 1, -2.75671e-07, -2.81632e-06, -0.407562 )

[node name="Physical Bone neck" parent="Model/Armature/Skeleton" index="5"]
transform = Transform( 0.854119, 0.103635, -0.509647, -0.0792333, 0.994435, 0.0694279, 0.514007, -0.0189186, 0.857576, 0.144283, 2.08934, -0.398157 )
collision_layer = 0
collision_mask = 5
joint_offset = Transform( 1, 0, 0, 0, 1, 0, 0, 0, 1, -1.64324e-07, 2.73334e-07, 0.191582 )
body_offset = Transform( 1, -6.98492e-10, 1.01328e-06, -8.14907e-10, 1, 1.28872e-07, -2.38419e-07, 1.28057e-09, 0.999999, -2.98023e-08, -2.98023e-07, -0.191582 )

[node name="Physical Bone shoulderL" parent="Model/Armature/Skeleton" index="6"]
transform = Transform( -0.17675, -0.871663, -0.457129, 0.954564, -0.265026, 0.136272, -0.239935, -0.412275, 0.878898, 0.207388, 2.05472, -0.542914 )
collision_layer = 0
collision_mask = 5
joint_offset = Transform( 1, 0, 0, 0, 1, 0, 0, 0, 1, 4.17232e-07, -5.35467e-08, 0.351638 )
body_offset = Transform( 1, -7.45058e-08, 0, 7.15256e-07, 1, -5.96046e-08, -7.00355e-07, -1.04308e-06, 1, -4.17233e-07, 7.45058e-08, -0.351638 )

[node name="Physical Bone bicepL" parent="Model/Armature/Skeleton" index="7"]
transform = Transform( -0.607099, 0.195402, -0.770226, 0.303696, -0.838655, -0.452136, -0.734302, -0.508407, 0.449804, -0.194488, 2.13455, -0.740981 )
collision_layer = 0
collision_mask = 5
joint_offset = Transform( 1, 0, 0, 0, 1, 0, 0, 0, 1, -4.23374e-07, -1.30712e-06, 0.482829 )
body_offset = Transform( 1, 0, -3.57628e-07, -8.9407e-08, 1, -1.05798e-06, -5.36442e-07, -3.57628e-07, 0.999999, 5.96046e-07, 1.81794e-06, -0.482828 )

[node name="Physical Bone elbowL" parent="Model/Armature/Skeleton" index="8"]
transform = Transform( -0.200562, 0.690244, -0.695223, 0.531894, -0.519224, -0.66895, -0.822717, -0.503952, -0.263001, -0.324494, 1.15758, -0.994628 )
collision_layer = 0
collision_mask = 5
joint_offset = Transform( 1, 0, 0, 0, 1, 0, 0, 0, 1, 1.78814e-07, 1.05827e-08, 0.0765072 )
body_offset = Transform( 1, 1.07288e-06, 0, -2.98023e-07, 0.999999, 6.4075e-07, -2.98023e-08, -5.66244e-07, 0.999999, -1.78814e-07, -5.96046e-08, -0.0765071 )

[node name="Physical Bone shoulderR" parent="Model/Armature/Skeleton" index="9"]
transform = Transform( -0.244705, 0.967922, 0.056966, -0.958345, -0.250373, 0.137436, 0.14729, -0.0209618, 0.988873, 0.0266114, 2.0543, -0.581586 )
collision_layer = 0
collision_mask = 5
joint_offset = Transform( 1, 0, 0, 0, 1, 0, 0, 0, 1, -5.17578e-06, -4.54568e-07, 0.351639 )
body_offset = Transform( 1, -6.84522e-08, 1.41561e-07, -3.53903e-08, 1, -6.33299e-08, -2.98023e-08, 3.72529e-09, 1, 5.126e-06, 4.76837e-07, -0.35164 )

[node name="Physical Bone bicepR" parent="Model/Armature/Skeleton" index="10"]
transform = Transform( -0.904918, 0.246619, -0.346846, -0.299019, -0.94836, 0.105827, -0.302836, 0.199479, 0.931932, 0.894829, 1.87546, -0.698566 )
collision_layer = 0
collision_mask = 5
joint_offset = Transform( 1, 0, 0, 0, 1, 0, 0, 0, 1, 6.16516e-08, -8.32356e-08, 0.482829 )
body_offset = Transform( 1, -1.49012e-08, 1.19209e-07, -1.38581e-06, 1, -7.45058e-08, 8.34465e-07, -1.49012e-07, 1, -1.19209e-07, 1.19209e-07, -0.482829 )

[node name="Physical Bone elbowR" parent="Model/Armature/Skeleton" index="11"]
transform = Transform( -0.90893, 0.17144, -0.380069, -0.198207, -0.979633, 0.032118, -0.366824, 0.104525, 0.9244, 0.99459, 1.00831, -0.126696 )
collision_layer = 0
collision_mask = 5
joint_offset = Transform( 1, 0, 0, 0, 1, 0, 0, 0, 1, 1.22141e-06, -2.74296e-06, 0.0765073 )
body_offset = Transform( 1, 2.90573e-07, -1.16229e-06, 1.11759e-08, 0.999999, 1.49012e-08, 0, -2.98023e-08, 1, -1.13249e-06, 2.74181e-06, -0.0765073 )

[node name="Physical Bone pelvisL" parent="Model/Armature/Skeleton" index="12"]
transform = Transform( -1.80444e-09, -1, 0, 1, 2.38651e-09, 7.45058e-08, -1.05239e-07, 0, 1, 7.45058e-08, 0.579213, -0.188044 )
collision_layer = 0
collision_mask = 5
joint_offset = Transform( 1, 0, 0, 0, 1, 0, 0, 0, 1, 7.15256e-07, 7.45058e-08, 0.188044 )
body_offset = Transform( 1, -2.91038e-10, 0, 1.74623e-09, 1, 0, -3.07336e-08, 0, 1, -7.15256e-07, -7.45058e-08, -0.188044 )

[node name="Physical Bone wingfrontL" parent="Model/Armature/Skeleton" index="13"]
transform = Transform( 0.763041, -0.611039, 0.210724, 0.640535, 0.758504, -0.119949, -0.0865419, 0.226502, 0.970159, -0.442057, 0.616762, -0.303715 )
collision_layer = 0
collision_mask = 5
joint_offset = Transform( 1, 0, 0, 0, 1, 0, 0, 0, 1, 2.18366e-06, 1.6596e-06, 0.313057 )
body_offset = Transform( 1, -8.12113e-07, -1.21072e-07, -3.50177e-07, 1, 2.98023e-08, -1.09896e-07, 8.9407e-08, 1, -2.14577e-06, -1.66893e-06, -0.313057 )

[node name="Physical Bone thighL" parent="Model/Armature/Skeleton" index="14"]
transform = Transform( -0.524319, -0.655336, 0.543711, 0.296974, -0.739155, -0.604527, 0.798055, -0.155498, 0.582173, -0.552637, 1.19367, -0.59173 )
collision_layer = 0
collision_mask = 5
joint_offset = Transform( 1, 0, 0, 0, 1, 0, 0, 0, 1, -4.01843e-07, 9.06281e-07, 1.01642 )
body_offset = Transform( 0.999998, -3.27826e-07, -2.98023e-08, -5.96046e-07, 0.999998, 1.63913e-07, -1.2517e-06, -3.12924e-07, 1, 4.32134e-07, -1.07288e-06, -1.01642 )

[node name="Physical Bone pelvisR" parent="Model/Armature/Skeleton" index="15"]
transform = Transform( 1.80444e-09, 1, 0, -1, -2.38651e-09, 7.45058e-08, 1.05239e-07, 0, 1, 7.45058e-08, 0.579213, -0.188044 )
collision_layer = 0
collision_mask = 5
joint_offset = Transform( 1, 0, 0, 0, 1, 0, 0, 0, 1, -7.15256e-07, -7.45058e-08, 0.188044 )
body_offset = Transform( 1, -2.91038e-10, 0, 1.74623e-09, 1, 0, 3.07336e-08, 0, 1, 7.15256e-07, 7.45058e-08, -0.188044 )

[node name="Physical Bone wingfrontR" parent="Model/Armature/Skeleton" index="16"]
transform = Transform( 0.763039, 0.611039, -0.210724, -0.640534, 0.758503, -0.119948, 0.0865411, 0.226501, 0.970156, 0.442055, 0.616765, -0.303712 )
collision_layer = 0
collision_mask = 5
joint_offset = Transform( 1, 0, 0, 0, 1, 0, 0, 0, 1, 1.27943e-06, 3.07089e-07, 0.313055 )
body_offset = Transform( 1, 1.6354e-06, -4.69387e-07, -3.72529e-09, 0.999999, 4.47035e-07, -4.24683e-07, -2.68221e-07, 0.999997, -1.13249e-06, -4.47035e-07, -0.313054 )

[node name="Physical Bone thighR" parent="Model/Armature/Skeleton" index="17"]
transform = Transform( -0.816527, 0.393234, -0.422672, -0.122229, -0.8333, -0.539138, -0.564222, -0.388557, 0.728477, 0.429613, 1.1272, -0.740437 )
collision_layer = 0
collision_mask = 5
joint_offset = Transform( 1, 0, 0, 0, 1, 0, 0, 0, 1, 8.32287e-07, 3.635e-07, 1.01642 )
body_offset = Transform( 1, 4.47035e-08, -7.7486e-07, -5.96046e-08, 1, -3.57628e-07, 0, 5.06639e-07, 1, -4.47035e-08, 0, -1.01642 )

[node name="BoneAttachment" parent="Model/Armature/Skeleton" index="18"]
transform = Transform( 0.0519101, 0.964784, -0.25787, 0.879272, 0.0782722, 0.469844, 0.473482, -0.251128, -0.844245, 0.273849, 1.05489, -1.27729 )

[node name="scytheparent" parent="Model" index="1"]
transform = Transform( -0.0362057, 0.971495, -0.234278, 0.871984, 0.145234, 0.467494, 0.488193, -0.18736, -0.852387, 0.284105, -0.360258, -1.242 )

[node name="AttackHitbox" type="Area" parent="."]
transform = Transform( 0.999999, 0, 0, 0, 0.999999, 0, 0, 0, 0.999999, 0, 0, 0 )
collision_layer = 32
collision_mask = 76

[node name="CollisionShape" type="CollisionShape" parent="AttackHitbox"]
transform = Transform( 1, 0, 0, 0, 1, 0, 0, 0, 1, 1.43401, -2.13697, 1.54542 )
shape = SubResource( 3 )
disabled = true

[connection signal="timeout" from="AttackTimer" to="." method="_attack_end"]
[connection signal="area_entered" from="AttackHitbox" to="." method="_on_hit"]
[connection signal="body_entered" from="AttackHitbox" to="." method="_on_hit"]

[editable path="Model"]
