[gd_scene load_steps=8 format=2]

[ext_resource path="res://scenes/enemies/bullet_hell/guys/drifter.tscn" type="PackedScene" id=1]
[ext_resource path="res://scenes/enemies/bullet_hell/guys/beam.tscn" type="PackedScene" id=2]
[ext_resource path="res://scenes/enemies/bullet_hell/guys/cone.tscn" type="PackedScene" id=3]
[ext_resource path="res://scenes/enemies/bullet_hell/guys/spinner.tscn" type="PackedScene" id=4]
[ext_resource path="res://assets/levels/levelprototype.glb" type="PackedScene" id=5]
[ext_resource path="res://scenes/levels/level.tscn" type="PackedScene" id=10]
[ext_resource path="res://scenes/other/door.tscn" type="PackedScene" id=11]

[node name="Level" instance=ExtResource( 10 )]

[node name="Player" parent="." index="0"]
transform = Transform( 1, 0, 0, 0, 1, 0, 0, 0, 1, 0, 0, 37.243 )

[node name="Door" parent="." index="1" instance=ExtResource( 11 )]
transform = Transform( 1, 0, 0, 0, 1, 0, 0, 0, 1, 0, 0, -45.5827 )
next_level = "melee_guys"

[node name="levelprototype" parent="." index="2" instance=ExtResource( 5 )]
transform = Transform( 2, 0, 0, 0, 2, 0, 0, 0, 2, 0, 0, 0 )

[node name="Beam" parent="." index="3" instance=ExtResource( 2 )]
transform = Transform( 1, 0, 0, 0, 1, 0, 0, 0, 1, -0.888367, -18.1287, -27.8683 )

[node name="Drifter" parent="." index="4" instance=ExtResource( 1 )]
transform = Transform( 1, 0, 0, 0, 1, 0, 0, 0, 1, -3.93795, 16.7756, -35.6113 )

[node name="Cone" parent="." index="5" instance=ExtResource( 3 )]
transform = Transform( 0.0617105, 0, -0.998094, 0, 1, 0, 0.998094, 0, 0.0617105, -28.8587, 1.43983, 0 )

[node name="Cone2" parent="." index="6" instance=ExtResource( 3 )]
transform = Transform( 0.0376553, 0, 0.999291, 0, 1, 0, -0.999291, 0, 0.0376553, 29.9098, 1.53148, 0 )

[node name="Spinner" parent="." index="7" instance=ExtResource( 4 )]
transform = Transform( -0.995529, 0, -0.0944559, 0, 1, 0, 0.0944559, 0, -0.995529, -10.2759, -17.2611, 14.3872 )
