[gd_scene load_steps=5 format=2]

[ext_resource path="res://scenes/player/player.tscn" type="PackedScene" id=1]
[ext_resource path="res://scripts/level.gd" type="Script" id=2]
[ext_resource path="res://scripts/player/player.gd" type="Script" id=3]

[sub_resource type="Curve3D" id=1]
_data = {
"points": PoolVector3Array( 0, 0, 0, 0, 0, 0, -1.98928, -0.889484, 0.288021, 0, 0, 0, 0, 0, 0, -3.23205, -3.33737, 0.855347, 0, 0, 0, 0, 0, 0, -3.59799, -5.9141, 1.40237, 0, 0, 0, 0, 0, 0, -3.12619, -9.04912, 2.01908, 0, 0, 0, 0, 0, 0, -2.0486, -11.5399, 2.47166, 0, 0, 0, 0, 0, 0, -1.61482, -13.8407, 2.9196, 0, 0, 0, 0, 0, 0, -1.58784, -16.3322, 3.42825, 0, 0, 0, 0, 0, 0, -2.64713, -19.5531, 4.14407, 0, 0, 0, 0, 0, 0, -3.87721, -24.0936, 5.13914, 0, 0, 0, 0, 0, 0, -6.80248, -28.8183, 6.26218 ),
"tilts": PoolRealArray( 0, 0, 0, 0, 0, 0, 0, 0, 0, 0 )
}

[node name="CSGTest" type="Spatial"]
script = ExtResource( 2 )

[node name="DirectionalLight" type="DirectionalLight" parent="."]
transform = Transform( 0.431456, 0.451067, -0.781271, 0, 0.866025, 0.5, 0.902134, -0.215728, 0.373652, -11.0112, 22.4451, -9.35102 )
light_color = Color( 0.992157, 0.0784314, 0.0784314, 1 )
light_energy = 0.5

[node name="Player" type="KinematicBody" parent="." groups=[
"player",
] instance=ExtResource( 1 )]
collision_layer = 2
script = ExtResource( 3 )

[node name="CSGCombiner" type="CSGCombiner" parent="."]
use_collision = true

[node name="Tunnel" type="CSGPolygon" parent="CSGCombiner"]
transform = Transform( 1, 0, 0, 0, 1, 0, 0, 0, 1, 0, 0, 11.9989 )
invert_faces = true
polygon = PoolVector2Array( -14, -7, -12, 10, 8, 11, 13, 1, 8, -11, -1, -13, -8, -8 )
depth = 105.0

[node name="CSGPolygon" type="CSGPolygon" parent="CSGCombiner"]
transform = Transform( 0.00296707, 0, -0.999996, 0, 1, 0, 0.999996, 0, 0.00296707, -12.4359, 0, -82.7624 )
invert_faces = true
polygon = PoolVector2Array( -8.87469, 12.5489, 3.25597, -16.1913, -40.5876, -71.7058, -55.9475, -43.0482 )
depth = 25.007

[node name="CSGPolygon2" type="CSGPolygon" parent="CSGCombiner"]
transform = Transform( 0.00296707, 0, -0.999996, 0, 1, 0, 0.999996, 0, 0.00296707, -12.4359, -53.864, -129.337 )
invert_faces = true
polygon = PoolVector2Array( -8.87469, 12.5489, 7.37618, -16.4601, -40.5876, -71.7058, -55.9475, -43.0482 )
depth = 25.007

[node name="Path" type="Path" parent="CSGCombiner"]
transform = Transform( 1, 0, 0, 0, 1, 0, 0, 0, 1, -6.92713, 15, -35.3949 )
curve = SubResource( 1 )

[node name="CSGPolygon3" type="CSGPolygon" parent="CSGCombiner"]
transform = Transform( 1, 0, 0, 0, 1, 0, 0, 0, 1, -7.92713, 0, -35.3949 )
invert_faces = true
polygon = PoolVector2Array( -1.6, 1.3, -1, 4, 3, 3, 4, -1, -1, -4 )
mode = 2
path_node = NodePath("../Path")
path_interval = 1.0
path_rotation = 1
path_local = false
path_continuous_u = false
path_joined = false

[node name="Postule" type="CSGPolygon" parent="CSGCombiner"]
transform = Transform( 0.466506, -0.883228, 0.0477455, 0.12941, 0.0147545, -0.991481, 0.875, 0.468711, 0.121181, 14, 0, -34 )
operation = 2
invert_faces = true
polygon = PoolVector2Array( 1, 1, 0, 4, 4, 5, 5, 0 )
mode = 1
spin_degrees = 360.0
spin_sides = 8

[node name="Postule2" type="CSGPolygon" parent="CSGCombiner"]
transform = Transform( -0.334752, 0.815146, 0.472734, 0.579247, -0.217691, 0.785547, 0.743246, 0.536793, -0.399298, -13, 0, -61 )
operation = 2
invert_faces = true
polygon = PoolVector2Array( 1, 1, 0, 4, 4, 5, 5, 0 )
mode = 1
spin_degrees = 360.0
spin_sides = 8

[node name="Postule3" type="CSGPolygon" parent="CSGCombiner"]
transform = Transform( -0.0323523, -0.465205, -0.884611, -0.0586138, -0.882669, 0.466327, -0.997756, 0.0669371, 0.00128896, 8, 9, -84 )
operation = 2
invert_faces = true
polygon = PoolVector2Array( 1, 1, 0, 4, 4, 5, 5, 0 )
mode = 1
spin_degrees = 360.0
spin_sides = 8
