[gd_scene load_steps=74 format=2]

[ext_resource path="res://assets/models/EyeCoupleBase.png" type="Texture" id=1]
[ext_resource path="res://assets/models/EyeCouple.glb" type="PackedScene" id=2]

[sub_resource type="SpatialMaterial" id=1]
albedo_texture = ExtResource( 1 )

[sub_resource type="CapsuleShape" id=2]
radius = 0.0855312
height = 0.68425

[sub_resource type="CapsuleShape" id=3]
radius = 0.135012
height = 1.0801

[sub_resource type="CapsuleShape" id=4]
radius = 0.0578452
height = 0.462762

[sub_resource type="CapsuleShape" id=5]
radius = 0.14961
height = 1.19688

[sub_resource type="CapsuleShape" id=6]
radius = 0.131999
height = 1.05599

[sub_resource type="CapsuleShape" id=7]
radius = 0.0340398
height = 0.272319

[sub_resource type="CapsuleShape" id=8]
radius = 0.0385836
height = 0.308669

[sub_resource type="CapsuleShape" id=9]
radius = 0.0828011
height = 0.662409

[sub_resource type="CapsuleShape" id=10]
radius = 0.146413
height = 1.1713

[sub_resource type="CapsuleShape" id=11]
radius = 0.229863
height = 1.8389

[sub_resource type="CapsuleShape" id=12]
radius = 0.0300059
height = 0.240047

[sub_resource type="CapsuleShape" id=13]
radius = 0.0596309
height = 0.477047

[sub_resource type="CapsuleShape" id=14]
radius = 0.0357362
height = 0.28589

[sub_resource type="CapsuleShape" id=15]
radius = 0.0602445
height = 0.481956

[sub_resource type="CapsuleShape" id=16]
radius = 0.0382212
height = 0.30577

[sub_resource type="CapsuleShape" id=17]
radius = 0.0642822
height = 0.514257

[sub_resource type="CapsuleShape" id=18]
radius = 0.0295434
height = 0.236347

[sub_resource type="CapsuleShape" id=19]
radius = 0.0260024
height = 0.208019

[sub_resource type="CapsuleShape" id=20]
radius = 0.0578452
height = 0.462762

[sub_resource type="CapsuleShape" id=21]
radius = 0.14961
height = 1.19688

[sub_resource type="CapsuleShape" id=22]
radius = 0.131999
height = 1.05599

[sub_resource type="CapsuleShape" id=23]
radius = 0.0340398
height = 0.272318

[sub_resource type="CapsuleShape" id=24]
radius = 0.0385836
height = 0.308669

[sub_resource type="CapsuleShape" id=25]
radius = 0.0828011
height = 0.662409

[sub_resource type="CapsuleShape" id=26]
radius = 0.146413
height = 1.1713

[sub_resource type="CapsuleShape" id=27]
radius = 0.229863
height = 1.8389

[sub_resource type="CapsuleShape" id=28]
radius = 0.0300059
height = 0.240047

[sub_resource type="CapsuleShape" id=29]
radius = 0.0596309
height = 0.477047

[sub_resource type="CapsuleShape" id=30]
radius = 0.0357363
height = 0.28589

[sub_resource type="CapsuleShape" id=31]
radius = 0.0602445
height = 0.481956

[sub_resource type="CapsuleShape" id=32]
radius = 0.0382212
height = 0.30577

[sub_resource type="CapsuleShape" id=33]
radius = 0.0642821
height = 0.514257

[sub_resource type="CapsuleShape" id=34]
radius = 0.0295434
height = 0.236347

[sub_resource type="CapsuleShape" id=35]
radius = 0.0260024
height = 0.208019

[sub_resource type="CapsuleShape" id=36]
radius = 0.0736099
height = 0.588879

[sub_resource type="CapsuleShape" id=37]
radius = 0.14359
height = 1.14872

[sub_resource type="CapsuleShape" id=38]
radius = 0.0578452
height = 0.462762

[sub_resource type="CapsuleShape" id=39]
radius = 0.14961
height = 1.19688

[sub_resource type="CapsuleShape" id=40]
radius = 0.131999
height = 1.05599

[sub_resource type="CapsuleShape" id=41]
radius = 0.0340398
height = 0.272318

[sub_resource type="CapsuleShape" id=42]
radius = 0.0385835
height = 0.308668

[sub_resource type="CapsuleShape" id=43]
radius = 0.0828011
height = 0.662409

[sub_resource type="CapsuleShape" id=44]
radius = 0.146413
height = 1.1713

[sub_resource type="CapsuleShape" id=45]
radius = 0.229863
height = 1.8389

[sub_resource type="CapsuleShape" id=46]
radius = 0.0300059
height = 0.240047

[sub_resource type="CapsuleShape" id=47]
radius = 0.0596309
height = 0.477047

[sub_resource type="CapsuleShape" id=48]
radius = 0.0357362
height = 0.28589

[sub_resource type="CapsuleShape" id=49]
radius = 0.0602444
height = 0.481955

[sub_resource type="CapsuleShape" id=50]
radius = 0.0382211
height = 0.305769

[sub_resource type="CapsuleShape" id=51]
radius = 0.0642821
height = 0.514257

[sub_resource type="CapsuleShape" id=52]
radius = 0.0295434
height = 0.236347

[sub_resource type="CapsuleShape" id=53]
radius = 0.0260024
height = 0.208019

[sub_resource type="CapsuleShape" id=54]
radius = 0.0578452
height = 0.462762

[sub_resource type="CapsuleShape" id=55]
radius = 0.14961
height = 1.19688

[sub_resource type="CapsuleShape" id=56]
radius = 0.131999
height = 1.05599

[sub_resource type="CapsuleShape" id=57]
radius = 0.0340398
height = 0.272319

[sub_resource type="CapsuleShape" id=58]
radius = 0.0385836
height = 0.308669

[sub_resource type="CapsuleShape" id=59]
radius = 0.0828011
height = 0.662409

[sub_resource type="CapsuleShape" id=60]
radius = 0.146413
height = 1.1713

[sub_resource type="CapsuleShape" id=61]
radius = 0.229863
height = 1.8389

[sub_resource type="CapsuleShape" id=62]
radius = 0.0300059
height = 0.240047

[sub_resource type="CapsuleShape" id=63]
radius = 0.0596309
height = 0.477047

[sub_resource type="CapsuleShape" id=64]
radius = 0.0357363
height = 0.28589

[sub_resource type="CapsuleShape" id=65]
radius = 0.0602445
height = 0.481956

[sub_resource type="CapsuleShape" id=66]
radius = 0.0382212
height = 0.305769

[sub_resource type="CapsuleShape" id=67]
radius = 0.0642821
height = 0.514257

[sub_resource type="CapsuleShape" id=68]
radius = 0.0295433
height = 0.236347

[sub_resource type="CapsuleShape" id=69]
radius = 0.0260024
height = 0.208019

[sub_resource type="CapsuleShape" id=70]
radius = 0.0480131
height = 0.384105

[sub_resource type="CapsuleShape" id=71]
radius = 0.0480131
height = 0.384105

[node name="Model" instance=ExtResource( 2 )]

[node name="eyecouple" parent="Armature/Skeleton" index="0"]
material/0 = SubResource( 1 )

[node name="Physical Bone roottop" type="PhysicalBone" parent="Armature/Skeleton" index="1"]
transform = Transform( 0.999956, 0.00943037, -1.86952e-06, -0.00943031, 0.999949, -0.00361961, -3.22648e-05, 0.00361946, 0.999993, -0.00225926, 1.34519, -0.430749 )
joint_offset = Transform( 1, 0, 0, 0, 1, 0, 0, 0, 1, 4.65661e-10, 1.49012e-08, 0.427656 )
body_offset = Transform( 1, 2.4279e-09, 0, 2.42788e-09, 1, 0, -1.09139e-11, -6.98492e-10, 1, -4.65661e-10, -1.49012e-08, -0.427656 )
bone_name = "roottop"

[node name="CollisionShape" type="CollisionShape" parent="Armature/Skeleton/Physical Bone roottop" index="0"]
transform = Transform( 1, 0, 0, 0, 0, 1, 0, -1, 0, 0, 0, 0 )
shape = SubResource( 2 )

[node name="Physical Bone topneck" type="PhysicalBone" parent="Armature/Skeleton" index="2"]
transform = Transform( 0.999882, -0.015358, 0.000759182, 0.0146419, 0.966019, 0.258056, -0.00469662, -0.258015, 0.96613, 0.00529335, 2.0247, -0.652196 )
joint_type = 1
joint_offset = Transform( 1, 0, 0, 0, 1, 0, 0, 0, 1, 6.16973e-10, -1.00592e-08, 0.675061 )
body_offset = Transform( 1, 4.65661e-10, 4.65661e-10, 1.16415e-10, 1, 1.49012e-08, -1.39698e-09, -1.49012e-08, 1, -9.31323e-10, 0, -0.675061 )
bone_name = "topneck"
joint_constraints/bias = 0.3
joint_constraints/damping = 1.0
joint_constraints/impulse_clamp = 0.0

[node name="CollisionShape" type="CollisionShape" parent="Armature/Skeleton/Physical Bone topneck" index="0"]
transform = Transform( 1, 0, 0, 0, 0, 1, 0, -1, 0, 0, 0, 0 )
shape = SubResource( 3 )

[node name="Physical Bone topfootL" type="PhysicalBone" parent="Armature/Skeleton" index="3"]
transform = Transform( -0.0173887, -0.967841, 0.250959, 0.999839, -0.0179229, 0.000156403, 0.00434656, 0.250922, 0.967997, -0.0667783, 2.19886, -0.279971 )
joint_type = 1
joint_offset = Transform( 1, 0, 0, 0, 1, 0, 0, 0, 1, 5.97393e-08, -2.54925e-08, 0.289226 )
body_offset = Transform( 1, 4.88944e-09, -4.65661e-10, 6.8685e-09, 1, -1.49012e-08, 1.86265e-09, 0, 1, -5.96046e-08, 2.98023e-08, -0.289226 )
bone_name = "topfoot.L"
joint_constraints/bias = 0.3
joint_constraints/damping = 1.0
joint_constraints/impulse_clamp = 0.0

[node name="CollisionShape" type="CollisionShape" parent="Armature/Skeleton/Physical Bone topfootL" index="0"]
transform = Transform( 1, 0, 0, 0, 0, 1, 0, -1, 0, 0, 0, 0 )
shape = SubResource( 4 )

[node name="Physical Bone topfootL001" type="PhysicalBone" parent="Armature/Skeleton" index="4"]
transform = Transform( -0.119664, -0.970166, 0.210853, 0.99213, -0.124735, -0.0108693, 0.0368458, 0.207893, 0.977458, -0.711772, 2.19667, -0.58604 )
joint_type = 1
joint_offset = Transform( 1, 0, 0, 0, 1, 0, 0, 0, 1, -8.3601e-09, -2.22936e-08, 0.748049 )
body_offset = Transform( 1, 2.14204e-08, 1.11759e-08, 1.86265e-09, 1, 2.98023e-08, 0, -2.98023e-08, 1, 0, 0, -0.748049 )
bone_name = "topfoot.L.001"
joint_constraints/bias = 0.3
joint_constraints/damping = 1.0
joint_constraints/impulse_clamp = 0.0

[node name="CollisionShape" type="CollisionShape" parent="Armature/Skeleton/Physical Bone topfootL001" index="0"]
transform = Transform( 1, 0, 0, 0, 0, 1, 0, -1, 0, 0, 0, 0 )
shape = SubResource( 5 )

[node name="Physical Bone topfootL002" type="PhysicalBone" parent="Armature/Skeleton" index="5"]
transform = Transform( -0.175831, 0.0706891, -0.981879, 0.984342, -5.58794e-08, -0.176272, -0.0124606, -0.997498, -0.0695822, -1.35747, 2.11826, 0.502098 )
joint_type = 1
joint_offset = Transform( 1, 0, 0, 0, 1, 0, 0, 0, 1, 2.9965e-09, -1.4752e-08, 0.659993 )
body_offset = Transform( 1, 0, -4.5402e-09, 9.31323e-10, 1, 2.23517e-08, 4.10946e-08, 0, 1, 0, 0, -0.659993 )
bone_name = "topfoot.L.002"
joint_constraints/bias = 0.3
joint_constraints/damping = 1.0
joint_constraints/impulse_clamp = 0.0

[node name="CollisionShape" type="CollisionShape" parent="Armature/Skeleton/Physical Bone topfootL002" index="0"]
transform = Transform( 1, 0, 0, 0, 0, 1, 0, -1, 0, 0, 0, 0 )
shape = SubResource( 6 )

[node name="Physical Bone topfootL003" type="PhysicalBone" parent="Armature/Skeleton" index="6"]
transform = Transform( 0.0227172, -0.913718, -0.405715, 0.984353, 0.0913714, -0.150662, 0.174734, -0.395944, 0.901497, -1.84315, 2.02757, -1.01394 )
joint_type = 1
joint_offset = Transform( 1, 0, 0, 0, 1, 0, 0, 0, 1, -5.96046e-08, 1.33227e-15, 0.170199 )
body_offset = Transform( 1, 0, 0, 2.23517e-08, 1, 0, 0, 0, 1, 5.96046e-08, 0, -0.170199 )
bone_name = "topfoot.L.003"
joint_constraints/bias = 0.3
joint_constraints/damping = 1.0
joint_constraints/impulse_clamp = 0.0

[node name="CollisionShape" type="CollisionShape" parent="Armature/Skeleton/Physical Bone topfootL003" index="0"]
transform = Transform( 1, 0, 0, 0, 0, 1, 0, -1, 0, 0, 0, 0 )
shape = SubResource( 7 )

[node name="Physical Bone topfootL004" type="PhysicalBone" parent="Armature/Skeleton" index="7"]
transform = Transform( 0.105484, -0.994208, -0.0206269, 0.975727, 0.107482, -0.190798, 0.19191, -1.22128e-07, 0.981413, -2.21925, 2.06984, -1.18462 )
joint_type = 1
joint_offset = Transform( 1, 0, 0, 0, 1, 0, 0, 0, 1, 1.27833e-07, 1.07668e-09, 0.192918 )
body_offset = Transform( 1, -1.13305e-09, -4.47035e-08, 1.79501e-08, 1, -5.58105e-09, 0, -2.75284e-09, 1, -1.19209e-07, 0, -0.192918 )
bone_name = "topfoot.L.004"
joint_constraints/bias = 0.3
joint_constraints/damping = 1.0
joint_constraints/impulse_clamp = 0.0

[node name="CollisionShape" type="CollisionShape" parent="Armature/Skeleton/Physical Bone topfootL004" index="0"]
transform = Transform( 1, 0, 0, 0, 0, 1, 0, -1, 0, 0, 0, 0 )
shape = SubResource( 8 )

[node name="Physical Bone toparmL001" type="PhysicalBone" parent="Armature/Skeleton" index="8"]
transform = Transform( 0.430966, -0.876475, -0.214613, 0.902356, 0.417369, 0.107501, -0.00464931, -0.239987, 0.970765, 0.0946571, 2.1544, -0.401902 )
joint_type = 1
joint_offset = Transform( 1, 0, 0, 0, 1, 0, 0, 0, 1, 5.84479e-08, 1.19209e-07, 0.414006 )
body_offset = Transform( 1, 9.77889e-09, 2.79397e-09, -5.16884e-08, 1, 0, 2.32831e-09, -4.47035e-08, 1, -5.96046e-08, -1.19209e-07, -0.414006 )
bone_name = "toparm.L.001"
joint_constraints/bias = 0.3
joint_constraints/damping = 1.0
joint_constraints/impulse_clamp = 0.0

[node name="CollisionShape" type="CollisionShape" parent="Armature/Skeleton/Physical Bone toparmL001" index="0"]
transform = Transform( 1, 0, 0, 0, 0, 1, 0, -1, 0, 0, 0, 0 )
shape = SubResource( 9 )

[node name="Physical Bone toparmL002" type="PhysicalBone" parent="Armature/Skeleton" index="9"]
transform = Transform( 0.823086, -0.42445, 0.377322, 0.566244, 0.562373, -0.602582, 0.0435706, 0.709633, 0.703223, -0.996149, 2.98562, -0.713517 )
joint_type = 1
joint_offset = Transform( 1, 0, 0, 0, 1, 0, 0, 0, 1, -1.44386e-07, 2.60236e-07, 0.732065 )
body_offset = Transform( 1, 9.31323e-09, 2.42144e-08, 2.04891e-08, 1, -2.98023e-08, -2.23517e-08, -2.98023e-08, 1, 1.2666e-07, -2.38419e-07, -0.732065 )
bone_name = "toparm.L.002"
joint_constraints/bias = 0.3
joint_constraints/damping = 1.0
joint_constraints/impulse_clamp = 0.0

[node name="CollisionShape" type="CollisionShape" parent="Armature/Skeleton/Physical Bone toparmL002" index="0"]
transform = Transform( 1, 0, 0, 0, 0, 1, 0, -1, 0, 0, 0, 0 )
shape = SubResource( 10 )

[node name="Physical Bone toparmL003" type="PhysicalBone" parent="Armature/Skeleton" index="10"]
transform = Transform( 0.360076, -0.364971, -0.858569, 0.927321, 0.240724, 0.28658, 0.102085, -0.89936, 0.425124, -0.354609, 3.03851, 0.35168 )
joint_type = 1
joint_offset = Transform( 1, 0, 0, 0, 1, 0, 0, 0, 1, -5.7892e-07, -3.41175e-07, 1.14931 )
body_offset = Transform( 1, 0, -1.49012e-08, 1.49012e-08, 1, 8.9407e-08, -3.72529e-09, 0, 1, 5.96046e-07, 2.38419e-07, -1.14931 )
bone_name = "toparm.L.003"
joint_constraints/bias = 0.3
joint_constraints/damping = 1.0
joint_constraints/impulse_clamp = 0.0

[node name="CollisionShape" type="CollisionShape" parent="Armature/Skeleton/Physical Bone toparmL003" index="0"]
transform = Transform( 1, 0, 0, 0, 0, 1, 0, -1, 0, 0, 0, 0 )
shape = SubResource( 11 )

[node name="Physical Bone toparmL004" type="PhysicalBone" parent="Armature/Skeleton" index="11"]
transform = Transform( 0.136606, 0.937006, -0.321495, 0.747375, 0.11553, 0.65428, 0.650207, -0.329656, -0.684513, -2.13208, 3.82306, -1.12431 )
joint_type = 1
joint_offset = Transform( 1, 0, 0, 0, 1, 0, 0, 0, 1, -7.10785e-07, -1.08031e-07, 0.150029 )
body_offset = Transform( 1, 4.47035e-08, -2.98023e-08, 5.96046e-08, 1, -7.45058e-08, -2.98023e-08, -1.49012e-08, 1, 7.15256e-07, 1.19209e-07, -0.150029 )
bone_name = "toparm.L.004"
joint_constraints/bias = 0.3
joint_constraints/damping = 1.0
joint_constraints/impulse_clamp = 0.0

[node name="CollisionShape" type="CollisionShape" parent="Armature/Skeleton/Physical Bone toparmL004" index="0"]
transform = Transform( 1, 0, 0, 0, 0, 1, 0, -1, 0, 0, 0, 0 )
shape = SubResource( 12 )

[node name="Physical Bone toparmL006" type="PhysicalBone" parent="Armature/Skeleton" index="12"]
transform = Transform( 0.520597, -0.8218, -0.231567, 0.81793, 0.55782, -0.140804, 0.244886, -0.116103, 0.962575, -2.11127, 3.9632, -1.51401 )
joint_type = 1
joint_offset = Transform( 1, 0, 0, 0, 1, 0, 0, 0, 1, -2.47304e-07, 2.47304e-07, 0.298154 )
body_offset = Transform( 1, -2.23517e-07, 2.98023e-08, 3.91155e-08, 1, -2.98023e-08, 5.96046e-08, -5.96046e-08, 1, 2.38419e-07, -2.38419e-07, -0.298154 )
bone_name = "toparm.L.006"
joint_constraints/bias = 0.3
joint_constraints/damping = 1.0
joint_constraints/impulse_clamp = 0.0

[node name="CollisionShape" type="CollisionShape" parent="Armature/Skeleton/Physical Bone toparmL006" index="0"]
transform = Transform( 1, 0, 0, 0, 0, 1, 0, -1, 0, 0, 0, 0 )
shape = SubResource( 13 )

[node name="Physical Bone toparmL007" type="PhysicalBone" parent="Armature/Skeleton" index="13"]
transform = Transform( 0.612708, -0.657462, -0.438557, 0.74699, 0.662973, 0.0497247, 0.258059, -0.358064, 0.897327, -2.59199, 4.24496, -1.45658 )
joint_type = 1
joint_offset = Transform( 1, 0, 0, 0, 1, 0, 0, 0, 1, 2.44772e-08, -5.32511e-09, 0.178681 )
body_offset = Transform( 1, 0, 2.98023e-08, 0, 1, 2.98023e-08, 0, 0, 1, -2.98023e-08, 0, -0.178681 )
bone_name = "toparm.L.007"
joint_constraints/bias = 0.3
joint_constraints/damping = 1.0
joint_constraints/impulse_clamp = 0.0

[node name="CollisionShape" type="CollisionShape" parent="Armature/Skeleton/Physical Bone toparmL007" index="0"]
transform = Transform( 1, 0, 0, 0, 0, 1, 0, -1, 0, 0, 0, 0 )
shape = SubResource( 14 )

[node name="Physical Bone toparmL010" type="PhysicalBone" parent="Armature/Skeleton" index="14"]
transform = Transform( 0.196242, -0.980137, -0.0286555, 0.980491, 0.195809, 0.0172449, -0.0112913, -0.0314804, 0.999441, -2.17168, 3.91602, -1.52807 )
joint_type = 1
joint_offset = Transform( 1, 0, 0, 0, 1, 0, 0, 0, 1, -2.38419e-07, -1.19209e-06, 0.301222 )
body_offset = Transform( 1, -4.04834e-08, 0, 4.77303e-08, 1, 0, 9.31323e-10, 0, 1, 2.38419e-07, 1.19209e-06, -0.301222 )
bone_name = "toparm.L.010"
joint_constraints/bias = 0.3
joint_constraints/damping = 1.0
joint_constraints/impulse_clamp = 0.0

[node name="CollisionShape" type="CollisionShape" parent="Armature/Skeleton/Physical Bone toparmL010" index="0"]
transform = Transform( 1, 0, 0, 0, 0, 1, 0, -1, 0, 0, 0, 0 )
shape = SubResource( 15 )

[node name="Physical Bone toparmL011" type="PhysicalBone" parent="Armature/Skeleton" index="15"]
transform = Transform( 0.384849, -0.883771, -0.266159, 0.922714, 0.375318, 0.0879523, 0.0221647, -0.279436, 0.959908, -2.71992, 4.02237, -1.42942 )
joint_type = 1
joint_offset = Transform( 1, 0, 0, 0, 1, 0, 0, 0, 1, -3.62255e-07, 2.38419e-07, 0.191106 )
body_offset = Transform( 1, 5.58794e-08, 2.42144e-08, 3.25963e-09, 1, 0, 1.86265e-08, 0, 1, 3.57628e-07, -2.38419e-07, -0.191106 )
bone_name = "toparm.L.011"
joint_constraints/bias = 0.3
joint_constraints/damping = 1.0
joint_constraints/impulse_clamp = 0.0

[node name="CollisionShape" type="CollisionShape" parent="Armature/Skeleton/Physical Bone toparmL011" index="0"]
transform = Transform( 1, 0, 0, 0, 0, 1, 0, -1, 0, 0, 0, 0 )
shape = SubResource( 16 )

[node name="Physical Bone toparmL013" type="PhysicalBone" parent="Armature/Skeleton" index="16"]
transform = Transform( -0.124609, -0.987033, -0.101187, 0.929363, -0.151825, 0.336503, -0.347502, -0.0521078, 0.93623, -2.14779, 3.81306, -1.52793 )
joint_type = 1
joint_offset = Transform( 1, 0, 0, 0, 1, 0, 0, 0, 1, -2.22045e-16, -1.19209e-07, 0.321411 )
body_offset = Transform( 1, -1.86265e-09, 0, 2.42144e-08, 1, 0, 0, 1.86265e-08, 1, 0, 1.19209e-07, -0.321411 )
bone_name = "toparm.L.013"
joint_constraints/bias = 0.3
joint_constraints/damping = 1.0
joint_constraints/impulse_clamp = 0.0

[node name="CollisionShape" type="CollisionShape" parent="Armature/Skeleton/Physical Bone toparmL013" index="0"]
transform = Transform( 1, 0, 0, 0, 0, 1, 0, -1, 0, 0, 0, 0 )
shape = SubResource( 17 )

[node name="Physical Bone toparmL014" type="PhysicalBone" parent="Armature/Skeleton" index="17"]
transform = Transform( 0.125598, -0.916696, -0.379333, 0.949317, 9.79904e-08, 0.31432, -0.288136, -0.399585, 0.870235, -2.75876, 3.77719, -1.38906 )
joint_type = 1
joint_offset = Transform( 1, 0, 0, 0, 1, 0, 0, 0, 1, -7.15256e-07, -4.76837e-07, 0.147717 )
body_offset = Transform( 1, -2.23517e-08, 0, 7.45058e-09, 1, 0, -8.9407e-08, 0, 1, 7.15256e-07, 4.76837e-07, -0.147717 )
bone_name = "toparm.L.014"
joint_constraints/bias = 0.3
joint_constraints/damping = 1.0
joint_constraints/impulse_clamp = 0.0

[node name="CollisionShape" type="CollisionShape" parent="Armature/Skeleton/Physical Bone toparmL014" index="0"]
transform = Transform( 1, 0, 0, 0, 0, 1, 0, -1, 0, 0, 0, 0 )
shape = SubResource( 18 )

[node name="Physical Bone toparmL015" type="PhysicalBone" parent="Armature/Skeleton" index="18"]
transform = Transform( 0.324729, -0.686003, -0.651115, 0.93891, 0.150827, 0.309352, -0.114011, -0.711794, 0.693074, -3.00096, 3.7834, -1.46867 )
joint_type = 1
joint_offset = Transform( 1, 0, 0, 0, 1, 0, 0, 0, 1, -1.16303e-07, 4.61339e-07, 0.130012 )
body_offset = Transform( 1, -7.45058e-08, -2.23517e-08, -4.47035e-08, 1, 1.19209e-07, 5.21541e-08, -5.96046e-08, 1, 1.19209e-07, -4.76837e-07, -0.130012 )
bone_name = "toparm.L.015"
joint_constraints/bias = 0.3
joint_constraints/damping = 1.0
joint_constraints/impulse_clamp = 0.0

[node name="CollisionShape" type="CollisionShape" parent="Armature/Skeleton/Physical Bone toparmL015" index="0"]
transform = Transform( 1, 0, 0, 0, 0, 1, 0, -1, 0, 0, 0, 0 )
shape = SubResource( 19 )

[node name="Physical Bone topfootR" type="PhysicalBone" parent="Armature/Skeleton" index="19"]
transform = Transform( -0.0173887, 0.967841, -0.25096, -0.999839, -0.017923, 0.000156474, -0.0043465, 0.250922, 0.967997, 0.0667782, 2.19886, -0.27997 )
joint_type = 1
joint_offset = Transform( 1, 0, 0, 0, 1, 0, 0, 0, 1, -5.93353e-08, -1.05914e-08, 0.289226 )
body_offset = Transform( 1, 3.0268e-09, -9.31323e-10, 1.86265e-09, 1, -1.49012e-08, 1.39698e-09, 0, 1, 5.96046e-08, 1.49012e-08, -0.289226 )
bone_name = "topfoot.R"
joint_constraints/bias = 0.3
joint_constraints/damping = 1.0
joint_constraints/impulse_clamp = 0.0

[node name="CollisionShape" type="CollisionShape" parent="Armature/Skeleton/Physical Bone topfootR" index="0"]
transform = Transform( 1, 0, 0, 0, 0, 1, 0, -1, 0, 0, 0, 0 )
shape = SubResource( 20 )

[node name="Physical Bone topfootR001" type="PhysicalBone" parent="Armature/Skeleton" index="20"]
transform = Transform( -0.119664, 0.970166, -0.210853, -0.99213, -0.124735, -0.0108692, -0.0368457, 0.207893, 0.977457, 0.711772, 2.19667, -0.58604 )
joint_type = 1
joint_offset = Transform( 1, 0, 0, 0, 1, 0, 0, 0, 1, 6.79647e-08, -2.04978e-07, 0.748049 )
body_offset = Transform( 1, -2.32831e-09, -1.11759e-08, -4.65661e-10, 1, -4.47035e-08, -1.11759e-08, 0, 1, -5.96046e-08, 2.38419e-07, -0.748049 )
bone_name = "topfoot.R.001"
joint_constraints/bias = 0.3
joint_constraints/damping = 1.0
joint_constraints/impulse_clamp = 0.0

[node name="CollisionShape" type="CollisionShape" parent="Armature/Skeleton/Physical Bone topfootR001" index="0"]
transform = Transform( 1, 0, 0, 0, 0, 1, 0, -1, 0, 0, 0, 0 )
shape = SubResource( 21 )

[node name="Physical Bone topfootR002" type="PhysicalBone" parent="Armature/Skeleton" index="21"]
transform = Transform( -0.175831, -0.0706887, 0.981879, -0.984342, -1.72295e-07, -0.176272, 0.0124606, -0.997499, -0.0695818, 1.35747, 2.11826, 0.502098 )
joint_type = 1
joint_offset = Transform( 1, 0, 0, 0, 1, 0, 0, 0, 1, -5.47257e-08, 0, 0.659993 )
body_offset = Transform( 1, 0, -7.39237e-09, 0, 1, 0, 6.8685e-09, 0, 1, 5.96046e-08, 0, -0.659993 )
bone_name = "topfoot.R.002"
joint_constraints/bias = 0.3
joint_constraints/damping = 1.0
joint_constraints/impulse_clamp = 0.0

[node name="CollisionShape" type="CollisionShape" parent="Armature/Skeleton/Physical Bone topfootR002" index="0"]
transform = Transform( 1, 0, 0, 0, 0, 1, 0, -1, 0, 0, 0, 0 )
shape = SubResource( 22 )

[node name="Physical Bone topfootR003" type="PhysicalBone" parent="Armature/Skeleton" index="22"]
transform = Transform( 0.0227171, 0.913718, 0.405714, -0.984353, 0.0913713, -0.150662, -0.174733, -0.395944, 0.901497, 1.84315, 2.02757, -1.01394 )
joint_type = 1
joint_offset = Transform( 1, 0, 0, 0, 1, 0, 0, 0, 1, 1.19209e-07, -1.5217e-08, 0.170199 )
body_offset = Transform( 1, 0, 0, -1.49012e-08, 1, 8.9407e-08, 4.47035e-08, 0, 1, -1.19209e-07, 0, -0.170199 )
bone_name = "topfoot.R.003"
joint_constraints/bias = 0.3
joint_constraints/damping = 1.0
joint_constraints/impulse_clamp = 0.0

[node name="CollisionShape" type="CollisionShape" parent="Armature/Skeleton/Physical Bone topfootR003" index="0"]
transform = Transform( 1, 0, 0, 0, 0, 1, 0, -1, 0, 0, 0, 0 )
shape = SubResource( 23 )

[node name="Physical Bone topfootR004" type="PhysicalBone" parent="Armature/Skeleton" index="23"]
transform = Transform( 0.105484, 0.994207, 0.0206263, -0.975727, 0.107482, -0.190798, -0.19191, 3.91171e-07, 0.981412, 2.21925, 2.06983, -1.18462 )
joint_type = 1
joint_offset = Transform( 1, 0, 0, 0, 1, 0, 0, 0, 1, -1.27833e-07, -7.15782e-07, 0.192918 )
body_offset = Transform( 1, -2.27525e-08, 4.47035e-08, 2.45385e-08, 1, 2.72829e-09, 0, -6.37897e-10, 1, 1.19209e-07, 7.15256e-07, -0.192918 )
bone_name = "topfoot.R.004"
joint_constraints/bias = 0.3
joint_constraints/damping = 1.0
joint_constraints/impulse_clamp = 0.0

[node name="CollisionShape" type="CollisionShape" parent="Armature/Skeleton/Physical Bone topfootR004" index="0"]
transform = Transform( 1, 0, 0, 0, 0, 1, 0, -1, 0, 0, 0, 0 )
shape = SubResource( 24 )

[node name="Physical Bone toparmR001" type="PhysicalBone" parent="Armature/Skeleton" index="24"]
transform = Transform( 0.430966, 0.876475, 0.214613, -0.902356, 0.417369, 0.107501, 0.00464934, -0.239987, 0.970765, -0.0946571, 2.1544, -0.401902 )
joint_type = 1
joint_offset = Transform( 1, 0, 0, 0, 1, 0, 0, 0, 1, -6.09542e-08, 1.04308e-07, 0.414006 )
body_offset = Transform( 1, 1.09547e-07, 3.25963e-09, 1.62981e-08, 1, 0, 1.21072e-08, -1.49012e-08, 1, 5.96046e-08, -1.04308e-07, -0.414006 )
bone_name = "toparm.R.001"
joint_constraints/bias = 0.3
joint_constraints/damping = 1.0
joint_constraints/impulse_clamp = 0.0

[node name="CollisionShape" type="CollisionShape" parent="Armature/Skeleton/Physical Bone toparmR001" index="0"]
transform = Transform( 1, 0, 0, 0, 0, 1, 0, -1, 0, 0, 0, 0 )
shape = SubResource( 25 )

[node name="Physical Bone toparmR002" type="PhysicalBone" parent="Armature/Skeleton" index="25"]
transform = Transform( 0.823086, 0.42445, -0.377322, -0.566244, 0.562373, -0.602583, -0.0435706, 0.709633, 0.703223, 0.99615, 2.98562, -0.713517 )
joint_type = 1
joint_offset = Transform( 1, 0, 0, 0, 1, 0, 0, 0, 1, -5.35613e-09, 3.99062e-17, 0.732064 )
body_offset = Transform( 1, 2.04891e-08, -1.30385e-08, 7.45058e-09, 1, 0, 7.45058e-09, 0, 1, 1.49012e-08, 0, -0.732064 )
bone_name = "toparm.R.002"
joint_constraints/bias = 0.3
joint_constraints/damping = 1.0
joint_constraints/impulse_clamp = 0.0

[node name="CollisionShape" type="CollisionShape" parent="Armature/Skeleton/Physical Bone toparmR002" index="0"]
transform = Transform( 1, 0, 0, 0, 0, 1, 0, -1, 0, 0, 0, 0 )
shape = SubResource( 26 )

[node name="Physical Bone toparmR003" type="PhysicalBone" parent="Armature/Skeleton" index="26"]
transform = Transform( 0.360076, 0.364971, 0.85857, -0.927321, 0.240724, 0.28658, -0.102085, -0.89936, 0.425124, 0.35461, 3.03851, 0.351681 )
joint_type = 1
joint_offset = Transform( 1, 0, 0, 0, 1, 0, 0, 0, 1, -2.56892e-08, 4.31521e-08, 1.14931 )
body_offset = Transform( 1, -7.45058e-09, 2.23517e-08, 0, 1, -8.9407e-08, 2.23517e-08, -2.98023e-08, 1, 0, 5.96046e-08, -1.14931 )
bone_name = "toparm.R.003"
joint_constraints/bias = 0.3
joint_constraints/damping = 1.0
joint_constraints/impulse_clamp = 0.0

[node name="CollisionShape" type="CollisionShape" parent="Armature/Skeleton/Physical Bone toparmR003" index="0"]
transform = Transform( 1, 0, 0, 0, 0, 1, 0, -1, 0, 0, 0, 0 )
shape = SubResource( 27 )

[node name="Physical Bone toparmR004" type="PhysicalBone" parent="Armature/Skeleton" index="27"]
transform = Transform( 0.136606, -0.937006, 0.321495, -0.747376, 0.11553, 0.65428, -0.650207, -0.329656, -0.684514, 2.13208, 3.82305, -1.12432 )
joint_type = 1
joint_offset = Transform( 1, 0, 0, 0, 1, 0, 0, 0, 1, 1.19209e-07, 2.23561e-09, 0.150029 )
body_offset = Transform( 1, -1.49012e-08, 0, 0, 1, -1.49012e-08, 2.68221e-07, -1.49012e-08, 1, -1.19209e-07, 0, -0.150029 )
bone_name = "toparm.R.004"
joint_constraints/bias = 0.3
joint_constraints/damping = 1.0
joint_constraints/impulse_clamp = 0.0

[node name="CollisionShape" type="CollisionShape" parent="Armature/Skeleton/Physical Bone toparmR004" index="0"]
transform = Transform( 1, 0, 0, 0, 0, 1, 0, -1, 0, 0, 0, 0 )
shape = SubResource( 28 )

[node name="Physical Bone toparmR006" type="PhysicalBone" parent="Armature/Skeleton" index="28"]
transform = Transform( 0.520597, 0.821801, 0.231567, -0.81793, 0.557821, -0.140804, -0.244886, -0.116104, 0.962575, 2.11127, 3.9632, -1.51401 )
joint_type = 1
joint_offset = Transform( 1, 0, 0, 0, 1, 0, 0, 0, 1, 4.8128e-07, 1.555e-08, 0.298155 )
body_offset = Transform( 1, 1.49012e-08, -1.49012e-08, 5.58794e-09, 1, -5.21541e-08, 2.98023e-08, 2.23517e-08, 1, -4.76837e-07, 0, -0.298155 )
bone_name = "toparm.R.006"
joint_constraints/bias = 0.3
joint_constraints/damping = 1.0
joint_constraints/impulse_clamp = 0.0

[node name="CollisionShape" type="CollisionShape" parent="Armature/Skeleton/Physical Bone toparmR006" index="0"]
transform = Transform( 1, 0, 0, 0, 0, 1, 0, -1, 0, 0, 0, 0 )
shape = SubResource( 29 )

[node name="Physical Bone toparmR007" type="PhysicalBone" parent="Armature/Skeleton" index="29"]
transform = Transform( 0.612708, 0.657463, 0.438557, -0.74699, 0.662973, 0.0497249, -0.258059, -0.358065, 0.897327, 2.592, 4.24496, -1.45658 )
joint_type = 1
joint_offset = Transform( 1, 0, 0, 0, 1, 0, 0, 0, 1, 1.84139e-07, -7.31231e-07, 0.178681 )
body_offset = Transform( 1, 0, -2.98023e-08, 5.21541e-08, 1, 8.9407e-08, -1.49012e-08, 0, 1, -1.78814e-07, 7.15256e-07, -0.178681 )
bone_name = "toparm.R.007"
joint_constraints/bias = 0.3
joint_constraints/damping = 1.0
joint_constraints/impulse_clamp = 0.0

[node name="CollisionShape" type="CollisionShape" parent="Armature/Skeleton/Physical Bone toparmR007" index="0"]
transform = Transform( 1, 0, 0, 0, 0, 1, 0, -1, 0, 0, 0, 0 )
shape = SubResource( 30 )

[node name="Physical Bone toparmR010" type="PhysicalBone" parent="Armature/Skeleton" index="30"]
transform = Transform( 0.196242, 0.980137, 0.0286553, -0.980491, 0.195809, 0.0172449, 0.0112915, -0.0314806, 0.999441, 2.17168, 3.91602, -1.52807 )
joint_type = 1
joint_offset = Transform( 1, 0, 0, 0, 1, 0, 0, 0, 1, -4.77398e-07, -2.38419e-07, 0.301223 )
body_offset = Transform( 1, 5.09608e-08, 1.86265e-09, -3.82133e-08, 1, 0, -2.79397e-09, -3.72529e-09, 1, 4.76837e-07, 2.38419e-07, -0.301222 )
bone_name = "toparm.R.010"
joint_constraints/bias = 0.3
joint_constraints/damping = 1.0
joint_constraints/impulse_clamp = 0.0

[node name="CollisionShape" type="CollisionShape" parent="Armature/Skeleton/Physical Bone toparmR010" index="0"]
transform = Transform( 1, 0, 0, 0, 0, 1, 0, -1, 0, 0, 0, 0 )
shape = SubResource( 31 )

[node name="Physical Bone toparmR011" type="PhysicalBone" parent="Armature/Skeleton" index="31"]
transform = Transform( 0.384848, 0.883771, 0.266159, -0.922714, 0.375319, 0.0879524, -0.0221646, -0.279437, 0.959909, 2.71992, 4.02237, -1.42942 )
joint_type = 1
joint_offset = Transform( 1, 0, 0, 0, 1, 0, 0, 0, 1, -1.16362e-07, 4.88228e-07, 0.191106 )
body_offset = Transform( 1, 5.68107e-08, -1.49012e-08, 5.07571e-08, 1, -5.96046e-08, -2.23517e-08, -8.9407e-08, 1, 1.19209e-07, -4.76837e-07, -0.191106 )
bone_name = "toparm.R.011"
joint_constraints/bias = 0.3
joint_constraints/damping = 1.0
joint_constraints/impulse_clamp = 0.0

[node name="CollisionShape" type="CollisionShape" parent="Armature/Skeleton/Physical Bone toparmR011" index="0"]
transform = Transform( 1, 0, 0, 0, 0, 1, 0, -1, 0, 0, 0, 0 )
shape = SubResource( 32 )

[node name="Physical Bone toparmR013" type="PhysicalBone" parent="Armature/Skeleton" index="32"]
transform = Transform( -0.124609, 0.987033, 0.101187, -0.929363, -0.151825, 0.336503, 0.347502, -0.0521081, 0.93623, 2.14779, 3.81306, -1.52793 )
joint_type = 1
joint_offset = Transform( 1, 0, 0, 0, 1, 0, 0, 0, 1, 6.96098e-07, -1.20407e-07, 0.321411 )
body_offset = Transform( 1, -5.58794e-09, 5.96046e-08, 2.04891e-08, 1, 3.72529e-09, 2.98023e-08, -1.86265e-08, 1, -7.15256e-07, 1.19209e-07, -0.321411 )
bone_name = "toparm.R.013"
joint_constraints/bias = 0.3
joint_constraints/damping = 1.0
joint_constraints/impulse_clamp = 0.0

[node name="CollisionShape" type="CollisionShape" parent="Armature/Skeleton/Physical Bone toparmR013" index="0"]
transform = Transform( 1, 0, 0, 0, 0, 1, 0, -1, 0, 0, 0, 0 )
shape = SubResource( 33 )

[node name="Physical Bone toparmR014" type="PhysicalBone" parent="Armature/Skeleton" index="33"]
transform = Transform( 0.125598, 0.916696, 0.379333, -0.949318, 1.94848e-07, 0.31432, 0.288136, -0.399586, 0.870235, 2.75876, 3.77719, -1.38906 )
joint_type = 1
joint_offset = Transform( 1, 0, 0, 0, 1, 0, 0, 0, 1, -1.06581e-14, 4.76837e-07, 0.147717 )
body_offset = Transform( 1, 2.23517e-08, 0, 7.45058e-09, 1, 0, 0, 0, 1, 0, -4.76837e-07, -0.147717 )
bone_name = "toparm.R.014"
joint_constraints/bias = 0.3
joint_constraints/damping = 1.0
joint_constraints/impulse_clamp = 0.0

[node name="CollisionShape" type="CollisionShape" parent="Armature/Skeleton/Physical Bone toparmR014" index="0"]
transform = Transform( 1, 0, 0, 0, 0, 1, 0, -1, 0, 0, 0, 0 )
shape = SubResource( 34 )

[node name="Physical Bone toparmR015" type="PhysicalBone" parent="Armature/Skeleton" index="34"]
transform = Transform( 0.324729, 0.686003, 0.651115, -0.93891, 0.150827, 0.309352, 0.114011, -0.711794, 0.693073, 3.00097, 3.7834, -1.46867 )
joint_type = 1
joint_offset = Transform( 1, 0, 0, 0, 1, 0, 0, 0, 1, 4.72963e-07, 7.15256e-07, 0.130012 )
body_offset = Transform( 1, 2.98023e-08, 2.98023e-08, -1.49012e-08, 1, 0, -5.96046e-08, 2.98023e-08, 1, -4.76837e-07, -7.15256e-07, -0.130012 )
bone_name = "toparm.R.015"
joint_constraints/bias = 0.3
joint_constraints/damping = 1.0
joint_constraints/impulse_clamp = 0.0

[node name="CollisionShape" type="CollisionShape" parent="Armature/Skeleton/Physical Bone toparmR015" index="0"]
transform = Transform( 1, 0, 0, 0, 0, 1, 0, -1, 0, 0, 0, 0 )
shape = SubResource( 35 )

[node name="Physical Bone rootbottom" type="PhysicalBone" parent="Armature/Skeleton" index="35"]
transform = Transform( -2.02656e-05, 7.45151e-09, 1, 1.41564e-07, -1, 7.45438e-09, 1, 1.41564e-07, 2.0206e-05, -0.37031, 1.34364, -0.0031029 )
joint_offset = Transform( 1, 0, 0, 0, 1, 0, 0, 0, 1, -3.57628e-07, 3.72529e-09, 0.36805 )
body_offset = Transform( 1, 0, 0, 0, 1, -3.77519e-16, 0, 6.657e-17, 1, 3.57628e-07, -3.72529e-09, -0.36805 )
bone_name = "rootbottom"

[node name="CollisionShape" type="CollisionShape" parent="Armature/Skeleton/Physical Bone rootbottom" index="0"]
transform = Transform( 1, 0, 0, 0, 0, 1, 0, -1, 0, 0, 0, 0 )
shape = SubResource( 36 )

[node name="Physical Bone bottomneck" type="PhysicalBone" parent="Armature/Skeleton" index="36"]
transform = Transform( 0.000502596, 0.00722029, 0.999974, -0.173287, -0.984845, 0.00719815, 0.984871, -0.173286, 0.000756147, -0.720192, 0.602373, -0.00363863 )
joint_type = 1
joint_offset = Transform( 1, 0, 0, 0, 1, 0, 0, 0, 1, -1.67161e-10, 9.4028e-10, 0.71795 )
body_offset = Transform( 1, 0, 2.32831e-10, 4.47035e-08, 1, -1.30967e-09, 2.32831e-10, 1.46974e-09, 1, 0, 0, -0.71795 )
bone_name = "bottomneck"
joint_constraints/bias = 0.3
joint_constraints/damping = 1.0
joint_constraints/impulse_clamp = 0.0

[node name="CollisionShape" type="CollisionShape" parent="Armature/Skeleton/Physical Bone bottomneck" index="0"]
transform = Transform( 1, 0, 0, 0, 0, 1, 0, -1, 0, 0, 0, 0 )
shape = SubResource( 37 )

[node name="Physical Bone bottomfootL006" type="PhysicalBone" parent="Armature/Skeleton" index="37"]
transform = Transform( 0.0173103, -0.967841, 0.250965, 0.999839, 0.0179231, 0.000156362, -0.00464943, 0.250922, 0.967996, -0.0748456, 0.607496, -0.283065 )
joint_type = 1
joint_offset = Transform( 1, 0, 0, 0, 1, 0, 0, 0, 1, 1.78814e-07, -5.52949e-08, 0.289226 )
body_offset = Transform( 1, -4.77303e-09, 0, 2.32831e-09, 1, -1.49012e-08, 0, -4.47035e-08, 1, -1.78814e-07, 5.96046e-08, -0.289226 )
bone_name = "bottomfoot.L.006"
joint_constraints/bias = 0.3
joint_constraints/damping = 1.0
joint_constraints/impulse_clamp = 0.0

[node name="CollisionShape" type="CollisionShape" parent="Armature/Skeleton/Physical Bone bottomfootL006" index="0"]
transform = Transform( 1, 0, 0, 0, 0, 1, 0, -1, 0, 0, 0, 0 )
shape = SubResource( 38 )

[node name="Physical Bone bottomfootL007" type="PhysicalBone" parent="Armature/Skeleton" index="38"]
transform = Transform( 0.124255, -0.970166, 0.20818, 0.99213, 0.124736, -0.0108696, -0.0154223, 0.207893, 0.97803, -0.717839, 0.62604, -0.589564 )
joint_type = 1
joint_offset = Transform( 1, 0, 0, 0, 1, 0, 0, 0, 1, -3.48338e-09, -8.57689e-08, 0.748049 )
body_offset = Transform( 1, -2.44472e-08, 4.65661e-09, -4.44707e-08, 1, -4.47035e-08, 3.72529e-09, -4.47035e-08, 1, 0, 1.19209e-07, -0.748049 )
bone_name = "bottomfoot.L.007"
joint_constraints/bias = 0.3
joint_constraints/damping = 1.0
joint_constraints/impulse_clamp = 0.0

[node name="CollisionShape" type="CollisionShape" parent="Armature/Skeleton/Physical Bone bottomfootL007" index="0"]
transform = Transform( 1, 0, 0, 0, 0, 1, 0, -1, 0, 0, 0, 0 )
shape = SubResource( 39 )

[node name="Physical Bone bottomfootL008" type="PhysicalBone" parent="Armature/Skeleton" index="39"]
transform = Transform( -0.175832, 0.0706889, -0.981879, 0.984341, -1.17729e-07, -0.176273, -0.0124606, -0.997498, -0.0695819, -1.36554, 0.920864, 0.499002 )
joint_type = 1
joint_offset = Transform( 1, 0, 0, 0, 1, 0, 0, 0, 1, 4.28256e-08, 4.91733e-09, 0.659993 )
body_offset = Transform( 1, 0, -1.97324e-08, 0, 1, -7.45058e-09, -3.60887e-09, 7.45058e-09, 1, -2.98023e-08, 0, -0.659993 )
bone_name = "bottomfoot.L.008"
joint_constraints/bias = 0.3
joint_constraints/damping = 1.0
joint_constraints/impulse_clamp = 0.0

[node name="CollisionShape" type="CollisionShape" parent="Armature/Skeleton/Physical Bone bottomfootL008" index="0"]
transform = Transform( 1, 0, 0, 0, 0, 1, 0, -1, 0, 0, 0, 0 )
shape = SubResource( 40 )

[node name="Physical Bone bottomfootL009" type="PhysicalBone" parent="Armature/Skeleton" index="40"]
transform = Transform( -0.143029, -0.913718, -0.380346, 0.984353, -0.0913713, -0.150662, 0.10291, -0.395944, 0.91249, -1.85553, 0.830168, -1.01891 )
joint_type = 1
joint_offset = Transform( 1, 0, 0, 0, 1, 0, 0, 0, 1, 2.98023e-08, 1.11022e-16, 0.170199 )
body_offset = Transform( 1, 3.72529e-09, 0, -3.72529e-09, 1, 0, 0, -1.49012e-07, 1, -2.98023e-08, 0, -0.170199 )
bone_name = "bottomfoot.L.009"
joint_constraints/bias = 0.3
joint_constraints/damping = 1.0
joint_constraints/impulse_clamp = 0.0

[node name="CollisionShape" type="CollisionShape" parent="Armature/Skeleton/Physical Bone bottomfootL009" index="0"]
transform = Transform( 1, 0, 0, 0, 0, 1, 0, -1, 0, 0, 0, 0 )
shape = SubResource( 41 )

[node name="Physical Bone bottomfootL010" type="PhysicalBone" parent="Armature/Skeleton" index="41"]
transform = Transform( -0.105484, -0.994207, 0.0206269, 0.975727, -0.107482, -0.190798, 0.19191, -2.3891e-09, 0.981413, -2.23527, 0.810231, -1.18772 )
joint_type = 1
joint_offset = Transform( 1, 0, 0, 0, 1, 0, 0, 0, 1, -1.24959e-07, 7.14146e-07, 0.192918 )
body_offset = Transform( 1, 2.21225e-08, 2.98023e-08, -4.83619e-09, 1, 5.75415e-09, 2.98023e-08, -6.76028e-09, 1, 1.19209e-07, -7.15256e-07, -0.192918 )
bone_name = "bottomfoot.L.010"
joint_constraints/bias = 0.3
joint_constraints/damping = 1.0
joint_constraints/impulse_clamp = 0.0

[node name="CollisionShape" type="CollisionShape" parent="Armature/Skeleton/Physical Bone bottomfootL010" index="0"]
transform = Transform( 1, 0, 0, 0, 0, 1, 0, -1, 0, 0, 0, 0 )
shape = SubResource( 42 )

[node name="Physical Bone toparmL017" type="PhysicalBone" parent="Armature/Skeleton" index="42"]
transform = Transform( -0.368484, -0.876475, -0.309855, 0.902356, -0.417369, 0.107501, -0.223546, -0.239987, 0.944686, 0.126022, 0.563035, -0.394201 )
joint_type = 1
joint_offset = Transform( 1, 0, 0, 0, 1, 0, 0, 0, 1, 2.87588e-08, -1.0435e-09, 0.414006 )
body_offset = Transform( 1, 6.33299e-08, 7.45058e-08, 4.47035e-08, 1, 7.45058e-08, 7.45058e-08, 0, 1, -5.96046e-08, -2.98023e-08, -0.414005 )
bone_name = "toparm.L.017"
joint_constraints/bias = 0.3
joint_constraints/damping = 1.0
joint_constraints/impulse_clamp = 0.0

[node name="CollisionShape" type="CollisionShape" parent="Armature/Skeleton/Physical Bone toparmL017" index="0"]
transform = Transform( 1, 0, 0, 0, 0, 1, 0, -1, 0, 0, 0, 0 )
shape = SubResource( 43 )

[node name="Physical Bone toparmL018" type="PhysicalBone" parent="Armature/Skeleton" index="43"]
transform = Transform( 0.427723, -0.42445, 0.798057, 0.566243, -0.562373, -0.602582, 0.704571, 0.709633, -0.0001979, -1.31222, 0.703084, -0.201663 )
joint_type = 1
