[gd_scene load_steps=10 format=2]

[ext_resource path="res://assets/models/harasser01Base.png" type="Texture" id=1]
[ext_resource path="res://assets/models/harasser01.glb" type="PackedScene" id=2]

[sub_resource type="SpatialMaterial" id=1]
albedo_texture = ExtResource( 1 )

[sub_resource type="CapsuleShape" id=2]
radius = 0.136949
height = 1.09559

[sub_resource type="CapsuleShape" id=3]
radius = 0.0512532
height = 0.410026

[sub_resource type="CapsuleShape" id=4]
radius = 0.0884998
height = 0.707999

[sub_resource type="CapsuleShape" id=5]
radius = 0.0411541
height = 0.329233

[sub_resource type="CapsuleShape" id=6]
radius = 0.0379349
height = 0.303479

[sub_resource type="CapsuleShape" id=7]
radius = 0.050043
height = 0.400344

[node name="Model" instance=ExtResource( 2 )]

[node name="Cube" parent="Armature/Skeleton" index="0"]
material/0 = SubResource( 1 )

[node name="Physical Bone root" type="PhysicalBone" parent="Armature/Skeleton" index="1"]
transform = Transform( 1, -7.32747e-15, -2.38419e-07, -5.29288e-09, 0.999754, -0.0221999, 2.3836e-07, 0.0221999, 0.999754, 1.63256e-07, 0.0152017, -0.684575 )
collision_layer = 0
collision_mask = 35
joint_offset = Transform( 1, 0, 0, 0, 1, 0, 0, 0, 1, 1.97534e-15, -3.57628e-07, 0.684744 )
body_offset = Transform( 1, 0, 1.52767e-13, 0, 1, 0, 5.68434e-14, 0, 1, -1.06581e-13, 3.57628e-07, -0.684744 )
gravity_scale = 0.0
bone_name = "root"

[node name="CollisionShape" type="CollisionShape" parent="Armature/Skeleton/Physical Bone root" index="0"]
transform = Transform( 1, -3.55271e-15, 0, 0, 0, 1, 7.10543e-15, -1, 0, -6.39488e-14, 0.694518, 0.652042 )
shape = SubResource( 2 )

[node name="Physical Bone root001" type="PhysicalBone" parent="Armature/Skeleton" index="2"]
transform = Transform( 1, -6.39489e-14, -2.38418e-07, 2.20858e-07, 0.376676, 0.926345, 8.98067e-08, -0.926345, 0.376676, 6.10986e-08, 1.13176, -0.0661269 )
collision_layer = 0
collision_mask = 35
joint_type = 1
joint_offset = Transform( 1, 0, 0, 0, 1, 0, 0, 0, 1, -1.28966e-13, -1.49198e-07, 0.256266 )
body_offset = Transform( 1, -2.84217e-14, 1.7053e-13, 7.10543e-15, 1, 2.98023e-08, 1.20792e-13, -2.98023e-08, 1, 8.52651e-14, 1.41561e-07, -0.256266 )
gravity_scale = 0.0
bone_name = "root.001"
joint_constraints/bias = 0.3
joint_constraints/damping = 1.0
joint_constraints/impulse_clamp = 0.0

[node name="CollisionShape" type="CollisionShape" parent="Armature/Skeleton/Physical Bone root001" index="0"]
transform = Transform( 1, -1.91847e-13, -7.10543e-15, 2.84217e-14, -2.98023e-08, 1, -7.10543e-15, -1, -2.98023e-08, -2.13163e-14, 0.286586, 0.252916 )
shape = SubResource( 3 )

[node name="Physical Bone root004" type="PhysicalBone" parent="Armature/Skeleton" index="3"]
transform = Transform( 1, 1.06581e-14, 2.38419e-07, -9.24793e-08, -0.921707, 0.387887, 2.19752e-07, -0.387887, -0.921707, -1.055e-07, -0.171639, 0.407855 )
collision_layer = 0
collision_mask = 35
joint_offset = Transform( 1, 0, 0, 0, 1, 0, 0, 0, 1, 5.19406e-14, 2.25231e-07, 0.442499 )
body_offset = Transform( 1, 7.10543e-15, -8.52651e-14, -7.10543e-15, 1, 2.98023e-08, -2.84217e-14, -2.98023e-08, 1, -1.42109e-14, -2.38419e-07, -0.442499 )
gravity_scale = 0.0
bone_name = "root.004"

[node name="CollisionShape" type="CollisionShape" parent="Armature/Skeleton/Physical Bone root004" index="0"]
transform = Transform( 1, 2.72962e-10, -6.90159e-09, 6.90161e-09, -0.0789458, 0.996879, -2.72891e-10, -0.996879, -0.0789458, -9.63591e-08, 0.464321, 0.44329 )
shape = SubResource( 4 )

[node name="Physical Bone root005" type="PhysicalBone" parent="Armature/Skeleton" index="4"]
transform = Transform( 0.998879, 0.0273032, 0.038674, 0.0149341, -0.95695, 0.289871, 0.0449235, -0.288968, -0.956285, -0.00795795, -0.875356, -0.146504 )
collision_layer = 0
collision_mask = 35
joint_type = 1
joint_offset = Transform( 1, 0, 0, 0, 1, 0, 0, 0, 1, 7.88177e-09, -4.70705e-07, 0.20577 )
body_offset = Transform( 1, 0, -2.09548e-09, -3.25963e-09, 1, -2.98023e-08, -1.35042e-08, 2.68221e-07, 1, -7.45058e-09, 4.76837e-07, -0.20577 )
gravity_scale = 0.0
bone_name = "root.005"
joint_constraints/bias = 0.3
joint_constraints/damping = 1.0
joint_constraints/impulse_clamp = 0.0

[node name="CollisionShape" type="CollisionShape" parent="Armature/Skeleton/Physical Bone root005" index="0"]
transform = Transform( 1, -2.6077e-08, 3.72529e-09, 4.65661e-10, 0.0742126, 0.997242, -2.28174e-08, -0.997242, 0.0742125, -7.45058e-09, 0.202526, 0.197603 )
shape = SubResource( 5 )

[node name="Physical Bone root006" type="PhysicalBone" parent="Armature/Skeleton" index="5"]
transform = Transform( 0.998879, 0.036629, 0.0299909, 0.014934, -0.844972, 0.534603, 0.0449235, -0.533556, -0.844571, 0.00554785, -1.31093, -0.302007 )
collision_layer = 0
collision_mask = 35
joint_type = 1
joint_offset = Transform( 1, 0, 0, 0, 1, 0, 0, 0, 1, -2.13545e-09, 2.82638e-08, 0.189675 )
body_offset = Transform( 1, -6.98492e-09, -8.3819e-09, -1.32713e-08, 1, -1.49012e-07, -1.11759e-08, -2.68221e-07, 1, 3.72529e-09, 0, -0.189675 )
gravity_scale = 0.0
bone_name = "root.006"
joint_constraints/bias = 0.3
joint_constraints/damping = 1.0
joint_constraints/impulse_clamp = 0.0

[node name="CollisionShape" type="CollisionShape" parent="Armature/Skeleton/Physical Bone root006" index="0"]
transform = Transform( 1, -1.81608e-08, 1.58325e-08, 9.31323e-09, 2.68221e-07, 1, 4.65661e-10, -1, -2.98023e-08, 0, 0.184001, 0.190975 )
shape = SubResource( 6 )

[node name="Physical Bone root007" type="PhysicalBone" parent="Armature/Skeleton" index="6"]
transform = Transform( 0.998879, 0.0410663, 0.023552, 0.014934, -0.745439, 0.666407, 0.0449234, -0.665308, -0.745217, 0.0192385, -1.69682, -0.47814 )
collision_layer = 0
collision_mask = 35
joint_type = 1
joint_offset = Transform( 1, 0, 0, 0, 1, 0, 0, 0, 1, 2.85239e-08, -7.45699e-09, 0.250215 )
body_offset = Transform( 1, -8.3819e-09, -9.77889e-09, -3.49246e-09, 1, 2.98023e-08, -3.72529e-09, 1.49012e-07, 1, -2.6077e-08, 0, -0.250215 )
gravity_scale = 0.0
bone_name = "root.007"
joint_constraints/bias = 0.3
joint_constraints/damping = 1.0
joint_constraints/impulse_clamp = 0.0

[node name="CollisionShape" type="CollisionShape" parent="Armature/Skeleton/Physical Bone root007" index="0"]
transform = Transform( 1, -8.3819e-09, 1.21072e-08, 1.16415e-09, 5.96046e-08, 1, -4.19095e-09, -1, 2.08616e-07, 2.6077e-08, 0.265604, 0.255035 )
shape = SubResource( 7 )
