[gd_scene load_steps=12 format=2]

[ext_resource path="res://assets/models/melee2blade.glb" type="PackedScene" id=1]

[sub_resource type="CapsuleShape" id=1]
radius = 0.188526
height = 0.846121

[sub_resource type="CapsuleShape" id=2]
radius = 0.0663652
height = 0.454866

[sub_resource type="CapsuleShape" id=3]
radius = 0.0566408
height = 0.453126

[sub_resource type="CapsuleShape" id=4]
radius = 0.0869451
height = 0.695561

[sub_resource type="CapsuleShape" id=5]
radius = 0.102597
height = 0.725769

[sub_resource type="CapsuleShape" id=6]
radius = 0.0566408
height = 0.453127

[sub_resource type="CapsuleShape" id=7]
radius = 0.0869451
height = 0.695561

[sub_resource type="CapsuleShape" id=8]
radius = 0.102597
height = 0.716814

[sub_resource type="CapsuleShape" id=9]
radius = 0.031716
height = 0.253728

[sub_resource type="CapsuleShape" id=10]
radius = 0.031716
height = 0.253728

[node name="Model" instance=ExtResource( 1 )]

[node name="Physical Bone root" type="PhysicalBone" parent="Armature/Skeleton" index="1"]
transform = Transform( 0.999738, 0.0090784, 0.0210104, -0.0147602, 0.95731, 0.288688, -0.0174926, -0.288923, 0.957193, -0.0164294, -0.225744, -0.748491 )
collision_layer = 0
collision_mask = 35
joint_offset = Transform( 1, 0, 0, 0, 1, 0, 0, 0, 1, -3.72529e-09, 2.33044e-08, 0.781965 )
body_offset = Transform( 1, -1.86265e-09, 0, -2.32831e-09, 1, -2.98023e-08, -1.86265e-09, -2.38419e-07, 1, 3.72529e-09, 0, -0.781965 )
gravity_scale = 0.0
bone_name = "root"

[node name="CollisionShape" type="CollisionShape" parent="Armature/Skeleton/Physical Bone root" index="0"]
transform = Transform( 0.99999, 0.00135187, 0.00420109, -0.00386363, -0.191876, 0.98141, 0.00213285, -0.981417, -0.191869, 0.000158031, 0.68963, 0.68027 )
shape = SubResource( 1 )

[node name="Physical Bone neck" type="PhysicalBone" parent="Armature/Skeleton" index="2"]
transform = Transform( 0.999575, -0.0249053, 0.0151397, -0.00820755, 0.257897, 0.966138, -0.0279664, -0.965851, 0.257583, 0.00917424, 1.17658, -0.537327 )
collision_layer = 0
collision_mask = 35
joint_type = 1
joint_offset = Transform( 1, 0, 0, 0, 1, 0, 0, 0, 1, 4.6524e-09, 6.45492e-08, 0.331826 )
body_offset = Transform( 1, -7.45058e-09, -2.79397e-09, 1.49012e-08, 1, -1.49012e-08, 4.65661e-10, 0, 1, -3.72529e-09, -5.96046e-08, -0.331826 )
gravity_scale = 0.0
bone_name = "neck"
joint_constraints/bias = 0.3
joint_constraints/damping = 1.0
joint_constraints/impulse_clamp = 0.0

[node name="CollisionShape" type="CollisionShape" parent="Armature/Skeleton/Physical Bone neck" index="0"]
transform = Transform( 1, -6.51926e-09, -1.49012e-08, 2.04891e-08, 0.156866, 0.98762, -4.65661e-09, -0.987621, 0.156865, -1.67638e-08, 0.161164, 0.259682 )
shape = SubResource( 2 )

[node name="Physical Bone collarboneR" type="PhysicalBone" parent="Armature/Skeleton" index="3"]
transform = Transform( 0.179349, 0.84625, -0.501693, -0.955654, 0.0287838, -0.293083, -0.233581, 0.532008, 0.813884, 0.144408, 1.31917, -1.16641 )
collision_layer = 0
collision_mask = 35
joint_type = 1
joint_offset = Transform( 1, 0, 0, 0, 1, 0, 0, 0, 1, -5.18922e-08, 1.01805e-07, 0.283204 )
body_offset = Transform( 1, -2.23517e-08, 1.04308e-07, 6.70552e-08, 1, -1.49012e-07, 4.47035e-08, -2.98023e-08, 1, 2.23517e-08, -5.96046e-08, -0.283204 )
gravity_scale = 0.0
bone_name = "collarbone.R"
joint_constraints/bias = 0.3
joint_constraints/damping = 1.0
joint_constraints/impulse_clamp = 0.0

[node name="CollisionShape" type="CollisionShape" parent="Armature/Skeleton/Physical Bone collarboneR" index="0"]
transform = Transform( 1, 1.93715e-07, -1.49012e-08, 1.04308e-07, -2.98023e-08, 1, -2.98023e-08, -1, -1.19209e-07, -0.0108125, 0.283615, 0.274602 )
shape = SubResource( 3 )

[node name="Physical Bone bicepR" type="PhysicalBone" parent="Armature/Skeleton" index="4"]
transform = Transform( -0.470957, 0.5788, -0.665725, -0.814089, -0.575843, 0.0752618, -0.339791, 0.577405, 0.742392, 0.771057, 1.21976, -0.957315 )
collision_layer = 0
collision_mask = 35
joint_type = 1
joint_offset = Transform( 1, 0, 0, 0, 1, 0, 0, 0, 1, 5.83595e-09, -6.34953e-08, 0.434726 )
body_offset = Transform( 1, -1.49012e-08, 8.9407e-08, 1.49012e-08, 1, -5.96046e-08, 8.9407e-08, 2.98023e-08, 1, -4.47035e-08, 8.9407e-08, -0.434726 )
gravity_scale = 0.0
bone_name = "bicep.R"
joint_constraints/bias = 0.3
joint_constraints/damping = 1.0
joint_constraints/impulse_clamp = 0.0

[node name="CollisionShape" type="CollisionShape" parent="Armature/Skeleton/Physical Bone bicepR" index="0"]
transform = Transform( 0.999999, 2.98023e-08, -3.42727e-07, -1.49012e-08, -2.98023e-08, 1, 1.49012e-07, -0.999999, -8.9407e-08, -4.02331e-07, 0.472205, 0.45006 )
shape = SubResource( 4 )

[node name="Physical Bone ForearmR" type="PhysicalBone" parent="Armature/Skeleton" index="5"]
transform = Transform( -0.538593, 0.459853, 0.706012, -0.539339, -0.831928, 0.130423, 0.647327, -0.310535, 0.696087, 0.622714, 0.684904, -0.489634 )
collision_layer = 0
collision_mask = 35
joint_type = 1
joint_offset = Transform( 1, 0, 0, 0, 1, 0, 0, 0, 1, -7.56666e-08, 7.33449e-08, 0.512984 )
body_offset = Transform( 1, -1.49012e-08, 8.9407e-08, -1.19209e-07, 1, 8.9407e-08, 1.19209e-07, -5.96046e-08, 1, 2.98023e-08, -1.19209e-07, -0.512984 )
gravity_scale = 0.0
bone_name = "Forearm.R"
joint_constraints/bias = 0.3
joint_constraints/damping = 1.0
joint_constraints/impulse_clamp = 0.0

[node name="CollisionShape" type="CollisionShape" parent="Armature/Skeleton/Physical Bone ForearmR" index="0"]
transform = Transform( 1, -8.9407e-08, 3.57628e-07, 0, -1.04308e-07, 0.999999, -2.98023e-08, -1, 5.96046e-08, 2.68221e-07, 0.498888, 0.504143 )
shape = SubResource( 5 )

[node name="Physical Bone collarboneL" type="PhysicalBone" parent="Armature/Skeleton" index="6"]
transform = Transform( 0.227879, -0.822629, 0.520915, 0.940353, 0.047144, -0.336916, 0.252599, 0.56662, 0.784305, -0.158012, 1.33173, -1.15779 )
collision_layer = 0
collision_mask = 35
joint_type = 1
joint_offset = Transform( 1, 0, 0, 0, 1, 0, 0, 0, 1, 3.50119e-08, -5.11645e-08, 0.283204 )
body_offset = Transform( 1, -2.98023e-08, -4.47035e-08, -2.98023e-08, 1, -2.98023e-08, 4.47035e-08, 0, 1, -2.23517e-08, 5.96046e-08, -0.283204 )
gravity_scale = 0.0
bone_name = "collarbone.L"
joint_constraints/bias = 0.3
joint_constraints/damping = 1.0
joint_constraints/impulse_clamp = 0.0

[node name="CollisionShape" type="CollisionShape" parent="Armature/Skeleton/Physical Bone collarboneL" index="0"]
transform = Transform( 1, -2.98023e-08, 1.49012e-08, 1.63913e-07, 0, 1, 4.47035e-08, -1, 2.98023e-08, 0.00396585, 0.267039, 0.267536 )
shape = SubResource( 6 )

[node name="Physical Bone bicepL" type="PhysicalBone" parent="Armature/Skeleton" index="7"]
transform = Transform( -0.885933, -0.422212, -0.191987, 0.33561, -0.869264, 0.362969, -0.320138, 0.257133, 0.911808, -0.392969, 1.10522, -1.01112 )
collision_layer = 0
collision_mask = 35
joint_type = 1
joint_offset = Transform( 1, 0, 0, 0, 1, 0, 0, 0, 1, -9.84722e-08, 6.80279e-08, 0.434726 )
body_offset = Transform( 1, 2.23517e-08, 8.9407e-08, 0, 1, 1.49012e-08, -5.96046e-08, 0, 1, 5.96046e-08, -7.45058e-08, -0.434726 )
gravity_scale = 0.0
bone_name = "bicep.L"
joint_constraints/bias = 0.3
joint_constraints/damping = 1.0
joint_constraints/impulse_clamp = 0.0

[node name="CollisionShape" type="CollisionShape" parent="Armature/Skeleton/Physical Bone bicepL" index="0"]
transform = Transform( 1, 0, 5.96046e-08, 2.98023e-08, 0, 1, -1.49012e-07, -1, 1.49012e-08, 1.78814e-07, 0.415449, 0.442363 )
shape = SubResource( 7 )

[node name="Physical Bone ForearmL" type="PhysicalBone" parent="Armature/Skeleton" index="8"]
transform = Transform( -0.761523, -0.506329, -0.404616, 0.56224, -0.826633, -0.0237512, -0.322443, -0.245579, 0.914178, -0.635962, 0.519416, -0.860128 )
collision_layer = 0
collision_mask = 35
joint_type = 1
joint_offset = Transform( 1, 0, 0, 0, 1, 0, 0, 0, 1, 4.19948e-08, -8.86331e-08, 0.512984 )
body_offset = Transform( 1, 1.04308e-07, 2.08616e-07, -2.23517e-08, 1, -5.96046e-08, 0, 0, 1, -1.49012e-07, 1.19209e-07, -0.512984 )
gravity_scale = 0.0
bone_name = "Forearm.L"
joint_constraints/bias = 0.3
joint_constraints/damping = 1.0
joint_constraints/impulse_clamp = 0.0

[node name="CollisionShape" type="CollisionShape" parent="Armature/Skeleton/Physical Bone ForearmL" index="0"]
transform = Transform( 1, -1.19209e-07, -4.09782e-07, 7.45058e-09, 1.3411e-07, 1, -5.96046e-08, -1, -1.49012e-08, -0.00676978, 0.542722, 0.549997 )
shape = SubResource( 8 )

[node name="Physical Bone pelvisR" type="PhysicalBone" parent="Armature/Skeleton" index="9"]
transform = Transform( 0.0805535, 0.947079, -0.31073, 0.371581, 0.260738, 0.891035, 0.924899, -0.187238, -0.330913, 0.0492757, -0.1413, 0.0524763 )
collision_layer = 0
collision_mask = 35
joint_type = 1
joint_offset = Transform( 1, 0, 0, 0, 1, 0, 0, 0, 1, -5.96046e-08, -4.22082e-08, 0.15858 )
body_offset = Transform( 1, -1.04308e-07, 0, -7.45058e-08, 1, 7.82311e-08, 1.19209e-07, -2.98023e-08, 1, 5.96046e-08, 2.98023e-08, -0.15858 )
gravity_scale = 0.0
bone_name = "pelvis.R"
joint_constraints/bias = 0.3
joint_constraints/damping = 1.0
joint_constraints/impulse_clamp = 0.0

[node name="CollisionShape" type="CollisionShape" parent="Armature/Skeleton/Physical Bone pelvisR" index="0"]
transform = Transform( 1, 5.96046e-08, 1.49012e-08, 0, -0.0107685, 0.999942, 0, -0.999942, -0.0107684, -1.49012e-07, 0.21739, 0.151004 )
shape = SubResource( 9 )

[node name="Physical Bone pelvisL" type="PhysicalBone" parent="Armature/Skeleton" index="10"]
transform = Transform( 0.0378869, -0.947537, 0.317392, -0.372865, 0.281276, 0.884226, -0.927112, -0.151845, -0.342647, -0.16647, 0.0496277, -0.0267619 )
collision_layer = 0
collision_mask = 35
joint_type = 1
joint_offset = Transform( 1, 0, 0, 0, 1, 0, 0, 0, 1, 1.5165e-07, -0.175759, -0.000215783 )
body_offset = Transform( 1, 1.49012e-08, 8.9407e-08, 1.49012e-08, 1, -1.93715e-07, 1.19209e-07, 2.6077e-07, 1, -1.49012e-07, 0.175759, 0.000215828 )
gravity_scale = 0.0
bone_name = "pelvis.L"
joint_constraints/bias = 0.3
joint_constraints/damping = 1.0
joint_constraints/impulse_clamp = 0.0

[node name="CollisionShape" type="CollisionShape" parent="Armature/Skeleton/Physical Bone pelvisL" index="0"]
transform = Transform( 1, 0, 0, 0, 0, 1, 0, -1, 0, 0, 0, 0 )
shape = SubResource( 10 )
