[gd_scene load_steps=20 format=2]

[ext_resource path="res://assets/models/player.glb" type="PackedScene" id=1]
[ext_resource path="res://assets/models/player_shoot01.anim" type="Animation" id=2]

[sub_resource type="CapsuleShape" id=1]
radius = 0.0579214
height = 0.463371

[sub_resource type="CapsuleShape" id=2]
radius = 0.0365266
height = 0.264977

[sub_resource type="CapsuleShape" id=3]
radius = 0.0365266
height = 0.256611

[sub_resource type="CapsuleShape" id=4]
radius = 0.081512
height = 0.623628

[sub_resource type="CapsuleShape" id=5]
radius = 0.0383163
height = 0.30653

[sub_resource type="CapsuleShape" id=6]
radius = 0.0703277
height = 0.448986

[sub_resource type="CapsuleShape" id=7]
radius = 0.0965658
height = 0.772527

[sub_resource type="CapsuleShape" id=8]
radius = 0.0153014
height = 0.122411

[sub_resource type="CapsuleShape" id=9]
radius = 0.0703277
height = 0.400084

[sub_resource type="CapsuleShape" id=10]
radius = 0.0965658
height = 0.772526

[sub_resource type="CapsuleShape" id=11]
radius = 0.0153014
height = 0.122411

[sub_resource type="CapsuleShape" id=12]
radius = 0.0376088
height = 0.30087

[sub_resource type="CapsuleShape" id=13]
radius = 0.062611
height = 0.500888

[sub_resource type="CapsuleShape" id=14]
radius = 0.203284
height = 1.41709

[sub_resource type="CapsuleShape" id=15]
radius = 0.0376088
height = 0.30087

[sub_resource type="CapsuleShape" id=16]
radius = 0.062611
height = 0.500888

[sub_resource type="CapsuleShape" id=17]
radius = 0.203284
height = 1.33971

[node name="Model" instance=ExtResource( 1 )]

[node name="Skeleton" parent="Armature" index="0"]
bones/29/bound_children = [ NodePath("BoneAttachment") ]

[node name="Physical Bone base" type="PhysicalBone" parent="Armature/Skeleton" index="1"]
transform = Transform( 1, 9.31323e-10, 4.24683e-07, -2.38651e-09, 1, -2.14204e-08, 0, 5.30854e-08, 1, 1.49012e-08, 0, -0.289607 )
collision_layer = 0
collision_mask = 0
joint_offset = Transform( 1, 0, 0, 0, 1, 0, 0, 0, 1, -1.35735e-07, 6.47322e-09, 0.289607 )
body_offset = Transform( 1, 8.73115e-10, 4.17233e-07, -2.38651e-09, 1, -2.23517e-08, 0, 5.21541e-08, 1, 1.49012e-08, 0, -0.289607 )
gravity_scale = 0.0
bone_name = "base"

[node name="CollisionShape" type="CollisionShape" parent="Armature/Skeleton/Physical Bone base" index="0"]
transform = Transform( 1, -5.96046e-08, -4.13856e-08, -1.62981e-09, 3.72529e-09, 1, 0, -1, -5.58794e-09, -0.00375094, 0.27452, 0.287101 )
shape = SubResource( 1 )
disabled = true

[node name="Physical Bone abdomen1" type="PhysicalBone" parent="Armature/Skeleton" index="2"]
transform = Transform( 0.643373, 0.00914589, -0.765499, 0.0371849, 0.998375, 0.0431813, 0.764649, -0.0562466, 0.641987, 0.139805, 0.571327, -0.117248 )
collision_layer = 0
collision_mask = 0
joint_type = 1
joint_offset = Transform( 1, 0, 0, 0, 1, 0, 0, 0, 1, 8.9407e-08, -3.87805e-08, 0.182633 )
body_offset = Transform( 1, 2.6077e-08, 0, -2.34693e-07, 1, 2.12342e-07, -1.2517e-06, 1.58325e-07, 1, -8.9407e-08, 0, -0.182633 )
gravity_scale = 0.0
bone_name = "abdomen.1"
joint_constraints/bias = 0.3
joint_constraints/damping = 1.0
joint_constraints/impulse_clamp = 3.16

[node name="CollisionShape" type="CollisionShape" parent="Armature/Skeleton/Physical Bone abdomen1" index="0"]
transform = Transform( 1, 3.8743e-07, -1.30385e-07, 4.47035e-08, 4.09782e-08, 1, 1.19209e-06, -1, -1.13621e-07, 0.000794761, 0.177199, 0.18266 )
shape = SubResource( 2 )

[node name="Physical Bone abdomen2" type="PhysicalBone" parent="Armature/Skeleton" index="3"]
transform = Transform( 0.652508, -0.00908014, -0.757727, 0.101523, 0.991961, 0.0755386, 0.75095, -0.126217, 0.648185, 0.141515, 0.953169, -0.141861 )
collision_layer = 0
collision_mask = 0
joint_type = 1
joint_offset = Transform( 1, 0, 0, 0, 1, 0, 0, 0, 1, -4.96671e-08, -0.0232661, 0.182633 )
body_offset = Transform( 1, 8.19564e-08, 1.19209e-07, 3.72529e-08, 1, 1.11759e-07, 6.25849e-07, -8.19564e-08, 1, 2.98023e-08, 0.0232661, -0.182633 )
gravity_scale = 0.0
bone_name = "abdomen.2"
joint_constraints/bias = 0.3
joint_constraints/damping = 1.0
joint_constraints/impulse_clamp = 3.16

[node name="CollisionShape" type="CollisionShape" parent="Armature/Skeleton/Physical Bone abdomen2" index="0"]
transform = Transform( 1, -3.27826e-07, -1.49012e-07, -7.45058e-09, 2.98023e-08, 1, -2.98023e-08, -1, 1.49012e-08, -0.00077343, 0.16425, 0.179446 )
shape = SubResource( 3 )

[node name="Physical Bone chest" type="PhysicalBone" parent="Armature/Skeleton" index="4"]
transform = Transform( 0.961561, 0.0571937, -0.268567, 0.00136457, 0.977061, 0.212958, 0.274586, -0.205139, 0.939426, 0.109481, 1.21942, -0.44952 )
collision_layer = 0
collision_mask = 0
joint_type = 1
joint_offset = Transform( 1, 0, 0, 0, 1, 0, 0, 0, 1, 1.49012e-07, 2.89828e-06, 0.407561 )
body_offset = Transform( 0.823488, -0.171729, 0.54072, 0.209579, 0.977754, -0.00864992, -0.527204, 0.120447, 0.841159, -0.220376, 0.0035225, -0.342824 )
gravity_scale = 0.0
bone_name = "chest"
joint_constraints/bias = 0.3
joint_constraints/damping = 1.0
joint_constraints/impulse_clamp = 3.16

[node name="CollisionShape" type="CollisionShape" parent="Armature/Skeleton/Physical Bone chest" index="0"]
transform = Transform( 0.999999, -2.98023e-08, 6.70552e-08, -3.72529e-08, 0, 1, -1.78814e-07, -1, 1.04308e-07, 0.00167318, 0.411952, 0.4076 )
shape = SubResource( 4 )

[node name="Physical Bone neck" type="PhysicalBone" parent="Armature/Skeleton" index="5"]
transform = Transform( 0.854117, 0.103635, -0.509647, -0.0792333, 0.994435, 0.0694279, 0.514006, -0.0189185, 0.857577, 0.15915, 2.08835, -0.399102 )
collision_layer = 0
collision_mask = 0
joint_type = 1
joint_offset = Transform( 1, 0, 0, 0, 1, 0, 0, 0, 1, 0.152866, -0.00317589, 0.152303 )
body_offset = Transform( 0.827024, -0.061443, 0.558795, 0.0807176, 0.996688, -0.00987164, -0.556337, 0.0532691, 0.829246, -0.211726, -0.00767016, -0.0410822 )
gravity_scale = 0.0
bone_name = "neck"
joint_constraints/bias = 0.3
joint_constraints/damping = 1.0
joint_constraints/impulse_clamp = 3.16

[node name="CollisionShape" type="CollisionShape" parent="Armature/Skeleton/Physical Bone neck" index="0"]
transform = Transform( 0.999999, -8.9407e-08, -7.33417e-09, -3.29455e-08, -1.01281e-08, 1, -1.78814e-07, -1, -8.26549e-09, -0.0077474, 0.221328, 0.197397 )
shape = SubResource( 5 )

[node name="Physical Bone shoulderL" type="PhysicalBone" parent="Armature/Skeleton" index="6"]
transform = Transform( -0.17675, -0.87166, -0.457129, 0.954563, -0.265026, 0.136272, -0.239934, -0.412274, 0.878898, 0.207388, 2.05472, -0.542914 )
collision_layer = 0
collision_mask = 0
joint_type = 1
joint_offset = Transform( 1, 0, 0, 0, 1, 0, 0, 0, 1, -0.0578661, -0.15704, 0.312244 )
body_offset = Transform( 0.963227, -0.196187, -0.183587, 0.0726829, 0.84805, -0.52491, 0.258671, 0.492263, 0.831123, 0.0822529, 0.301284, -0.16724 )
gravity_scale = 0.0
bone_name = "shoulder.L"
joint_constraints/bias = 0.3
joint_constraints/damping = 1.0
joint_constraints/impulse_clamp = 3.16

[node name="CollisionShape" type="CollisionShape" parent="Armature/Skeleton/Physical Bone shoulderL" index="0"]
transform = Transform( 1, 7.45058e-08, 2.98023e-07, -7.45058e-09, -2.98023e-08, 1, -7.45058e-08, -1, -1.19209e-07, 0.0035519, 0.397135, 0.366815 )
shape = SubResource( 6 )

[node name="Physical Bone bicepL" type="PhysicalBone" parent="Armature/Skeleton" index="7"]
transform = Transform( -0.607099, 0.195401, -0.770227, 0.303697, -0.838655, -0.452136, -0.734302, -0.508406, 0.449804, -0.194488, 2.13455, -0.740982 )
collision_layer = 0
collision_mask = 0
joint_type = 1
joint_offset = Transform( 1, 0, 0, 0, 1, 0, 0, 0, 1, -0.0687984, 0.20153, 0.0454994 )
body_offset = Transform( 0.137349, -0.842612, -0.520713, 0.629311, 0.480194, -0.61105, 0.764921, -0.243764, 0.596218, 0.202953, -0.0256755, 0.0746234 )
gravity_scale = 0.0
bone_name = "bicep.L"
joint_constraints/bias = 0.3
joint_constraints/damping = 1.0
joint_constraints/impulse_clamp = 3.16

[node name="CollisionShape" type="CollisionShape" parent="Armature/Skeleton/Physical Bone bicepL" index="0"]
transform = Transform( 1, 2.68221e-07, 2.98023e-08, 2.98023e-07, 2.98023e-08, 1, 5.96046e-08, -1, -4.47035e-08, 0.00923234, 0.503896, 0.474225 )
shape = SubResource( 7 )

[node name="Physical Bone elbowL" type="PhysicalBone" parent="Armature/Skeleton" index="8"]
transform = Transform( -0.200562, 0.690244, -0.695224, 0.531895, -0.519225, -0.66895, -0.822716, -0.503952, -0.263002, -0.324495, 1.15758, -0.994628 )
collision_layer = 0
collision_mask = 0
joint_type = 1
joint_offset = Transform( 1, 0, 0, 0, 1, 0, 0, 0, 1, 0.966923, 0.178215, -0.608701 )
body_offset = Transform( 0.316625, -0.474502, -0.821339, 0.519611, 0.811177, -0.268322, 0.79357, -0.341818, 0.503396, -0.721539, -0.810315, -0.399987 )
gravity_scale = 0.0
bone_name = "elbow.L"
joint_constraints/bias = 0.3
joint_constraints/damping = 1.0
joint_constraints/impulse_clamp = 3.16

[node name="CollisionShape" type="CollisionShape" parent="Armature/Skeleton/Physical Bone elbowL" index="0"]
transform = Transform( 1, 1.19209e-07, -1.49012e-07, 2.98023e-08, 2.83122e-07, 1, -8.9407e-08, -1, -1.49012e-08, 0.00272095, 0.0642137, 0.0758172 )
shape = SubResource( 8 )
disabled = true

[node name="Physical Bone shoulderR" type="PhysicalBone" parent="Armature/Skeleton" index="9"]
transform = Transform( -0.244706, 0.967922, 0.0569659, -0.958345, -0.250373, 0.137435, 0.147289, -0.0209617, 0.988871, 0.0266113, 2.0543, -0.581586 )
collision_layer = 0
collision_mask = 0
joint_type = 1
joint_offset = Transform( 1, 0, 0, 0, 1, 0, 0, 0, 1, -0.0157349, 0.163656, 0.401952 )
body_offset = Transform( 0.979098, -0.135774, -0.151436, 0.196174, 0.826976, 0.526903, 0.0536941, -0.545597, 0.836326, 0.098496, -0.344042, -0.246027 )
gravity_scale = 0.0
bone_name = "shoulder.R"
joint_constraints/bias = 0.3
joint_constraints/damping = 1.0
joint_constraints/impulse_clamp = 3.16

[node name="CollisionShape" type="CollisionShape" parent="Armature/Skeleton/Physical Bone shoulderR" index="0"]
transform = Transform( 0.999999, -9.68575e-08, 0, 2.5006e-07, -7.45058e-09, 0.999999, -3.72529e-08, -0.999998, -7.45058e-09, -0.00802755, 0.379702, 0.342397 )
shape = SubResource( 9 )

[node name="Physical Bone bicepR" type="PhysicalBone" parent="Armature/Skeleton" index="10"]
transform = Transform( -0.904918, 0.246619, -0.346847, -0.299019, -0.94836, 0.105827, -0.302836, 0.199479, 0.931932, 0.89483, 1.87546, -0.698566 )
collision_layer = 0
collision_mask = 0
joint_type = 1
joint_offset = Transform( 1, 0, 0, 0, 1, 0, 0, 0, 1, -0.141738, 0.161197, 0.867226 )
body_offset = Transform( 0.816998, -0.571455, -0.0771641, -0.0541683, 0.05717, -0.996893, 0.574091, 0.81864, 0.0157534, 0.274835, 0.847638, -0.0642535 )
gravity_scale = 0.0
bone_name = "bicep.R"
joint_constraints/bias = 0.3
joint_constraints/damping = 1.0
joint_constraints/impulse_clamp = 3.16

[node name="CollisionShape" type="CollisionShape" parent="Armature/Skeleton/Physical Bone bicepR" index="0"]
transform = Transform( 1, 1.49012e-07, -1.63913e-07, 2.08616e-07, -4.47035e-08, 1, -8.9407e-08, -1, -1.49012e-08, 4.76837e-07, 0.489908, 0.487294 )
shape = SubResource( 10 )

[node name="Physical Bone elbowR" type="PhysicalBone" parent="Armature/Skeleton" index="11"]
transform = Transform( -0.908931, 0.171441, -0.380069, -0.198207, -0.979634, 0.0321179, -0.366823, 0.104525, 0.924399, 0.994591, 1.00831, -0.126696 )
collision_layer = 0
collision_mask = 0
joint_type = 1
joint_offset = Transform( 1, 0, 0, 0, 1, 0, 0, 0, 1, -0.0832124, -0.725985, -0.555513 )
body_offset = Transform( 0.776666, -0.182021, 0.60304, 0.275376, -0.762902, -0.584934, 0.566533, 0.620362, -0.542395, 0.26748, -0.85588, 0.196209 )
gravity_scale = 0.0
bone_name = "elbow.R"
joint_constraints/bias = 0.3
joint_constraints/damping = 1.0
joint_constraints/impulse_clamp = 3.16

[node name="CollisionShape" type="CollisionShape" parent="Armature/Skeleton/Physical Bone elbowR" index="0"]
transform = Transform( 1, -1.19209e-07, -7.45058e-09, -2.23517e-08, 2.98023e-08, 1, 1.49012e-07, -1, 0, 1.19209e-07, 0.105637, 0.0745716 )
shape = SubResource( 11 )
disabled = true

[node name="Physical Bone pelvisL" type="PhysicalBone" parent="Armature/Skeleton" index="12"]
transform = Transform( -1.5134e-09, -1, 0, 1, 2.38651e-09, 7.45058e-08, -1.01514e-07, 0, 1, 7.45058e-08, 0.579213, -0.188044 )
collision_layer = 0
collision_mask = 0
joint_type = 1
joint_offset = Transform( 1, 0, 0, 0, 1, 0, 0, 0, 1, 7.15256e-07, 7.45058e-08, 0.188044 )
body_offset = Transform( 1, -2.91038e-10, 0, 1.45519e-09, 1, 0, -2.6077e-08, 0, 1, -7.15256e-07, -7.45058e-08, -0.188044 )
gravity_scale = 0.0
bone_name = "pelvis.L"
joint_constraints/bias = 0.3
joint_constraints/damping = 1.0
joint_constraints/impulse_clamp = 3.16

[node name="CollisionShape" type="CollisionShape" parent="Armature/Skeleton/Physical Bone pelvisL" index="0"]
transform = Transform( 1, 0, -2.91038e-10, 5.82077e-10, 0, 1, 0, -1, 0, -1.19209e-07, 0.194483, 0.18753 )
shape = SubResource( 12 )
disabled = true

[node name="Physical Bone wingfrontL" type="PhysicalBone" parent="Armature/Skeleton" index="13"]
transform = Transform( 0.763039, -0.611039, 0.210724, 0.640534, 0.758504, -0.119949, -0.0865416, 0.226502, 0.970159, -0.442056, 0.616762, -0.303714 )
collision_layer = 0
collision_mask = 0
joint_type = 1
joint_offset = Transform( 1, 0, 0, 0, 1, 0, 0, 0, 1, 1.51247e-06, 1.52737e-06, 0.313056 )
body_offset = Transform( 0.886523, -0.123927, 0.445779, -0.137596, 0.84926, 0.50973, -0.441751, -0.513224, 0.735837, -0.139555, -0.159575, -0.230357 )
gravity_scale = 0.0
bone_name = "wingfront.L"
joint_constraints/bias = 0.3
joint_constraints/damping = 1.0
joint_constraints/impulse_clamp = 3.16

[node name="CollisionShape" type="CollisionShape" parent="Armature/Skeleton/Physical Bone wingfrontL" index="0"]
transform = Transform( 1, -7.26432e-08, -1.31316e-07, 1.16415e-08, -4.47035e-08, 1, 4.28408e-08, -1, 5.96046e-08, -0.00892222, 0.292435, 0.310129 )
shape = SubResource( 13 )

[node name="Physical Bone thighL" type="PhysicalBone" parent="Armature/Skeleton" index="14"]
transform = Transform( -0.524319, -0.655336, 0.543711, 0.296974, -0.739155, -0.604527, 0.798054, -0.155498, 0.582173, -0.552638, 1.19367, -0.591732 )
collision_layer = 0
collision_mask = 0
joint_type = 1
joint_offset = Transform( 1, 0, 0, 0, 1, 0, 0, 0, 1, -1.78814e-07, 4.76837e-07, 1.01642 )
body_offset = Transform( 0.948039, 0.159068, 0.275519, -0.013124, 0.884844, -0.4657, -0.317871, 0.437887, 0.840959, -0.280043, 0.473346, -0.854768 )
gravity_scale = 0.0
bone_name = "thigh.L"
joint_constraints/bias = 0.3
joint_constraints/damping = 1.0
joint_constraints/impulse_clamp = 3.16

[node name="CollisionShape" type="CollisionShape" parent="Armature/Skeleton/Physical Bone thighL" index="0"]
transform = Transform( 1, -8.9407e-08, -1.78814e-07, 1.93715e-07, 5.96046e-08, 1, 1.78814e-07, -1, 0, 0.00329439, 1.29891, 1.01192 )
shape = SubResource( 14 )

[node name="Physical Bone pelvisR" type="PhysicalBone" parent="Armature/Skeleton" index="15"]
transform = Transform( 1.5134e-09, 1, 0, -1, -2.38651e-09, 7.45058e-08, 1.01514e-07, 0, 1, 7.45058e-08, 0.579213, -0.188044 )
collision_layer = 0
collision_mask = 0
joint_type = 1
joint_offset = Transform( 1, 0, 0, 0, 1, 0, 0, 0, 1, -7.15256e-07, -7.45058e-08, 0.188044 )
body_offset = Transform( 1, -2.91038e-10, 0, 1.45519e-09, 1, 0, 2.6077e-08, 0, 1, 7.15256e-07, 7.45058e-08, -0.188044 )
gravity_scale = 0.0
bone_name = "pelvis.R"
joint_constraints/bias = 0.3
joint_constraints/damping = 1.0
joint_constraints/impulse_clamp = 3.16

[node name="CollisionShape" type="CollisionShape" parent="Armature/Skeleton/Physical Bone pelvisR" index="0"]
transform = Transform( 1, 0, -2.91038e-10, 5.82077e-10, 0, 1, 0, -1, 0, -0.0025416, 0.188638, 0.17986 )
shape = SubResource( 15 )
disabled = true

[node name="Physical Bone wingfrontR" type="PhysicalBone" parent="Armature/Skeleton" index="16"]
transform = Transform( 0.763038, 0.611039, -0.210723, -0.640534, 0.758503, -0.119948, 0.086541, 0.226502, 0.970156, 0.442054, 0.616765, -0.303712 )
collision_layer = 0
collision_mask = 0
joint_type = 1
joint_offset = Transform( 1, 0, 0, 0, 1, 0, 0, 0, 1, 1.40071e-06, 3.27826e-07, 0.313055 )
body_offset = Transform( 0.891368, 0.159243, -0.424387, 0.135374, 0.800005, 0.584519, 0.432593, -0.578473, 0.69154, 0.132855, -0.182987, -0.216491 )
gravity_scale = 0.0
bone_name = "wingfront.R"
joint_constraints/bias = 0.3
joint_constraints/damping = 1.0
joint_constraints/impulse_clamp = 3.16

[node name="CollisionShape" type="CollisionShape" parent="Armature/Skeleton/Physical Bone wingfrontR" index="0"]
transform = Transform( 1, -3.72529e-08, -2.98023e-08, -3.35276e-08, 5.96046e-08, 1, -5.96046e-08, -1, -1.19209e-07, -1.19209e-07, 0.281073, 0.327342 )
shape = SubResource( 16 )

[node name="Physical Bone thighR" type="PhysicalBone" parent="Armature/Skeleton" index="17"]
transform = Transform( -0.816527, 0.393234, -0.422672, -0.122229, -0.833301, -0.539138, -0.564221, -0.388558, 0.728477, 0.429613, 1.1272, -0.740438 )
collision_layer = 0
collision_mask = 0
joint_type = 1
joint_offset = Transform( 1, 0, 0, 0, 1, 0, 0, 0, 1, 1.16229e-06, 3.57628e-07, 1.01642 )
body_offset = Transform( 0.961664, -0.0854576, -0.260578, -0.0670059, 0.848181, -0.525451, 0.265921, 0.522767, 0.809939, 0.264856, 0.534079, -0.823238 )
gravity_scale = 0.0
bone_name = "thigh.R"
joint_constraints/bias = 0.3
joint_constraints/damping = 1.0
joint_constraints/impulse_clamp = 3.16

[node name="CollisionShape" type="CollisionShape" parent="Armature/Skeleton/Physical Bone thighR" index="0"]
transform = Transform( 0.999999, 0, -8.9407e-08, 1.49012e-07, 0, 1, 1.19209e-07, -1, 4.17233e-07, -0.0406142, 1.24476, 1.0349 )
shape = SubResource( 17 )

[node name="BoneAttachment" type="BoneAttachment" parent="Armature/Skeleton" index="18"]
transform = Transform( 0.944075, -0.223466, -0.242455, -0.26973, -0.946328, -0.178068, -0.18965, 0.233507, -0.953681, 0.655797, 2.19695, -1.93773 )
bone_name = "hand.L"

[node name="RemoteTransform" type="RemoteTransform" parent="Armature/Skeleton/BoneAttachment" index="0"]
remote_path = NodePath("../../../../scytheparent")

[node name="scytheparent" parent="." index="1"]
transform = Transform( 0.969902, -0.174985, -0.16932, -0.204444, -0.962936, -0.175946, -0.132257, 0.205267, -0.969729, 0.631052, 0.816051, -1.86031 )

[node name="scythe" parent="scytheparent" index="0"]
transform = Transform( 0.999487, -0.0319994, 0.00113981, 0.00347789, 0.0731055, -0.997318, 0.0318303, 0.996811, 0.0731793, -0.0134453, 0.0291878, 0.0869836 )

[node name="AnimationPlayer" parent="." index="2"]
anims/player_shoot01 = ExtResource( 2 )
