[gd_scene load_steps=19 format=2]

[ext_resource path="res://assets/models/player.glb" type="PackedScene" id=1]

[sub_resource type="CapsuleShape" id=1]
radius = 0.0579214
height = 0.463371

[sub_resource type="CapsuleShape" id=2]
radius = 0.0365266
height = 0.264977

[sub_resource type="CapsuleShape" id=3]
radius = 0.0365266
height = 0.256611

[sub_resource type="CapsuleShape" id=4]
radius = 0.081512
height = 0.623628

[sub_resource type="CapsuleShape" id=5]
radius = 0.0383163
height = 0.30653

[sub_resource type="CapsuleShape" id=6]
radius = 0.0703277
height = 0.448986

[sub_resource type="CapsuleShape" id=7]
radius = 0.0965658
height = 0.772527

[sub_resource type="CapsuleShape" id=8]
radius = 0.0153014
height = 0.122411

[sub_resource type="CapsuleShape" id=9]
radius = 0.0703277
height = 0.400084

[sub_resource type="CapsuleShape" id=10]
radius = 0.0965658
height = 0.772526

[sub_resource type="CapsuleShape" id=11]
radius = 0.0153014
height = 0.122411

[sub_resource type="CapsuleShape" id=12]
radius = 0.0376088
height = 0.30087

[sub_resource type="CapsuleShape" id=13]
radius = 0.062611
height = 0.500888

[sub_resource type="CapsuleShape" id=14]
radius = 0.203284
height = 1.41709

[sub_resource type="CapsuleShape" id=15]
radius = 0.0376088
height = 0.30087

[sub_resource type="CapsuleShape" id=16]
radius = 0.062611
height = 0.500888

[sub_resource type="CapsuleShape" id=17]
radius = 0.203284
height = 1.33971

[node name="Model" instance=ExtResource( 1 )]

[node name="Skeleton" parent="Armature" index="0"]
bones/29/bound_children = [ NodePath("BoneAttachment") ]

[node name="Physical Bone base" type="PhysicalBone" parent="Armature/Skeleton" index="1"]
transform = Transform( 1, -1.16415e-10, 2.90573e-07, -2.38651e-09, 1, -1.67638e-08, 0, 3.63216e-08, 1, 7.45058e-09, 0, -0.289607 )
joint_offset = Transform( 1, 0, 0, 0, 1, 0, 0, 0, 1, -8.94447e-08, 4.85491e-09, 0.289607 )
body_offset = Transform( 1, -1.74623e-10, 2.83122e-07, -2.38651e-09, 1, -1.67638e-08, 0, 3.53903e-08, 1, 7.45058e-09, 0, -0.289607 )
gravity_scale = 0.0
bone_name = "base"

[node name="CollisionShape" type="CollisionShape" parent="Armature/Skeleton/Physical Bone base" index="0"]
transform = Transform( 1, -5.96046e-08, -4.13856e-08, -1.62981e-09, 3.72529e-09, 1, 0, -1, -5.58794e-09, -0.00375094, 0.27452, 0.287101 )
shape = SubResource( 1 )
disabled = true

[node name="Physical Bone abdomen1" type="PhysicalBone" parent="Armature/Skeleton" index="2"]
transform = Transform( 0.643374, 0.00914592, -0.765499, 0.0371851, 0.998376, 0.0431812, 0.764651, -0.0562467, 0.641986, 0.139805, 0.571327, -0.117248 )
joint_type = 1
joint_offset = Transform( 1, 0, 0, 0, 1, 0, 0, 0, 1, 2.43594e-08, -2.68742e-08, 0.182633 )
body_offset = Transform( 1, 1.49012e-08, 2.98023e-08, -1.22935e-07, 1, 1.47149e-07, -1.2219e-06, 1.15484e-07, 1, -2.98023e-08, 0, -0.182633 )
gravity_scale = 0.0
bone_name = "abdomen.1"
joint_constraints/bias = 0.3
joint_constraints/damping = 1.0
joint_constraints/impulse_clamp = 3.16

[node name="CollisionShape" type="CollisionShape" parent="Armature/Skeleton/Physical Bone abdomen1" index="0"]
transform = Transform( 1, 3.8743e-07, -1.30385e-07, 4.47035e-08, 4.09782e-08, 1, 1.19209e-06, -1, -1.13621e-07, 0.000794761, 0.177199, 0.18266 )
shape = SubResource( 2 )

[node name="Physical Bone abdomen2" type="PhysicalBone" parent="Armature/Skeleton" index="3"]
transform = Transform( 0.652508, -0.00908013, -0.757727, 0.101523, 0.991961, 0.0755385, 0.750951, -0.126216, 0.648184, 0.141515, 0.953169, -0.141861 )
joint_type = 1
joint_offset = Transform( 1, 0, 0, 0, 1, 0, 0, 0, 1, -3.06373e-08, -0.0232661, 0.182633 )
body_offset = Transform( 1, 1.11759e-07, 5.96046e-08, 3.72529e-08, 1, 6.70552e-08, 6.85453e-07, -8.19564e-08, 1, 2.23517e-08, 0.0232661, -0.182633 )
gravity_scale = 0.0
bone_name = "abdomen.2"
joint_constraints/bias = 0.3
joint_constraints/damping = 1.0
joint_constraints/impulse_clamp = 3.16

[node name="CollisionShape" type="CollisionShape" parent="Armature/Skeleton/Physical Bone abdomen2" index="0"]
transform = Transform( 1, -3.27826e-07, -1.49012e-07, -7.45058e-09, 2.98023e-08, 1, -2.98023e-08, -1, 1.49012e-08, -0.00077343, 0.16425, 0.179446 )
shape = SubResource( 3 )

[node name="Physical Bone chest" type="PhysicalBone" parent="Armature/Skeleton" index="4"]
transform = Transform( 0.961562, 0.0571938, -0.268567, 0.00136453, 0.977063, 0.212958, 0.274586, -0.205139, 0.939426, 0.109481, 1.21942, -0.44952 )
joint_type = 1
joint_offset = Transform( 1, 0, 0, 0, 1, 0, 0, 0, 1, 9.76716e-08, 1.9846e-06, 0.407561 )
body_offset = Transform( 1, 2.98023e-08, 8.9407e-08, 1.41561e-07, 1, 2.98023e-08, 5.66244e-07, 0, 1, -1.3411e-07, -1.99676e-06, -0.407561 )
gravity_scale = 0.0
bone_name = "chest"
joint_constraints/bias = 0.3
joint_constraints/damping = 1.0
joint_constraints/impulse_clamp = 3.16

[node name="CollisionShape" type="CollisionShape" parent="Armature/Skeleton/Physical Bone chest" index="0"]
transform = Transform( 0.999999, -2.98023e-08, 6.70552e-08, -3.72529e-08, 0, 1, -1.78814e-07, -1, 1.04308e-07, 0.00167318, 0.411952, 0.4076 )
shape = SubResource( 4 )

[node name="Physical Bone neck" type="PhysicalBone" parent="Armature/Skeleton" index="5"]
transform = Transform( 0.854118, 0.103635, -0.509647, -0.0792333, 0.994436, 0.0694278, 0.514007, -0.0189186, 0.857576, 0.15915, 2.08835, -0.399102 )
joint_type = 1
joint_offset = Transform( 1, 0, 0, 0, 1, 0, 0, 0, 1, -0.0122903, -0.00057759, 0.200038 )
body_offset = Transform( 0.999999, -2.47965e-08, 9.53674e-07, -7.2876e-08, 1, 1.02678e-07, -7.7486e-07, 3.74857e-08, 0.999999, 0.0122901, 0.000577569, -0.200038 )
gravity_scale = 0.0
bone_name = "neck"
joint_constraints/bias = 0.3
joint_constraints/damping = 1.0
joint_constraints/impulse_clamp = 3.16

[node name="CollisionShape" type="CollisionShape" parent="Armature/Skeleton/Physical Bone neck" index="0"]
transform = Transform( 0.999999, -8.9407e-08, -7.33417e-09, -3.29455e-08, -1.01281e-08, 1, -1.78814e-07, -1, -8.26549e-09, -0.0077474, 0.221328, 0.197397 )
shape = SubResource( 5 )

[node name="Physical Bone shoulderL" type="PhysicalBone" parent="Armature/Skeleton" index="6"]
transform = Transform( -0.17675, -0.871663, -0.457129, 0.954564, -0.265026, 0.136272, -0.239934, -0.412275, 0.878899, 0.207388, 2.05472, -0.542915 )
joint_type = 1
joint_offset = Transform( 1, 0, 0, 0, 1, 0, 0, 0, 1, 4.38191e-07, -3.70088e-08, 0.351638 )
body_offset = Transform( 1, -7.45058e-08, -5.96046e-08, 3.42727e-07, 1, -1.49012e-07, -4.76837e-07, -5.96046e-07, 1, -4.17233e-07, 8.9407e-08, -0.351638 )
gravity_scale = 0.0
bone_name = "shoulder.L"
joint_constraints/bias = 0.3
joint_constraints/damping = 1.0
joint_constraints/impulse_clamp = 3.16

[node name="CollisionShape" type="CollisionShape" parent="Armature/Skeleton/Physical Bone shoulderL" index="0"]
transform = Transform( 1, 7.45058e-08, 2.98023e-07, -7.45058e-09, -2.98023e-08, 1, -7.45058e-08, -1, -1.19209e-07, 0.0035519, 0.397135, 0.366815 )
shape = SubResource( 6 )

[node name="Physical Bone bicepL" type="PhysicalBone" parent="Armature/Skeleton" index="7"]
transform = Transform( -0.607099, 0.195401, -0.770227, 0.303697, -0.838655, -0.452137, -0.734302, -0.508407, 0.449804, -0.194488, 2.13455, -0.740982 )
joint_type = 1
joint_offset = Transform( 1, 0, 0, 0, 1, 0, 0, 0, 1, -1.19414e-06, -1.62263e-06, 0.482828 )
body_offset = Transform( 1, 2.98023e-08, -1.19209e-07, -4.47035e-07, 1, -7.7486e-07, -7.7486e-07, 4.76837e-07, 1, 1.2517e-06, 1.99676e-06, -0.482828 )
gravity_scale = 0.0
bone_name = "bicep.L"
joint_constraints/bias = 0.3
joint_constraints/damping = 1.0
joint_constraints/impulse_clamp = 3.16

[node name="CollisionShape" type="CollisionShape" parent="Armature/Skeleton/Physical Bone bicepL" index="0"]
transform = Transform( 1, 2.68221e-07, 2.98023e-08, 2.98023e-07, 2.98023e-08, 1, 5.96046e-08, -1, -4.47035e-08, 0.00923234, 0.503896, 0.474225 )
shape = SubResource( 7 )

[node name="Physical Bone elbowL" type="PhysicalBone" parent="Armature/Skeleton" index="8"]
transform = Transform( -0.200562, 0.690244, -0.695224, 0.531895, -0.519225, -0.668949, -0.822717, -0.503952, -0.263001, -0.324495, 1.15758, -0.994628 )
joint_type = 1
joint_offset = Transform( 1, 0, 0, 0, 1, 0, 0, 0, 1, 3.92151e-07, 2.17898e-07, 0.0765059 )
body_offset = Transform( 1, 8.34465e-07, 3.27826e-07, -5.06639e-07, 1, 2.68221e-07, -3.57628e-07, 4.61936e-07, 1, -4.17233e-07, -2.38419e-07, -0.0765059 )
gravity_scale = 0.0
bone_name = "elbow.L"
joint_constraints/bias = 0.3
joint_constraints/damping = 1.0
joint_constraints/impulse_clamp = 3.16

[node name="CollisionShape" type="CollisionShape" parent="Armature/Skeleton/Physical Bone elbowL" index="0"]
transform = Transform( 1, 1.19209e-07, -1.49012e-07, 2.98023e-08, 2.83122e-07, 1, -8.9407e-08, -1, -1.49012e-08, 0.00272095, 0.0642137, 0.0758172 )
shape = SubResource( 8 )
disabled = true

[node name="Physical Bone shoulderR" type="PhysicalBone" parent="Armature/Skeleton" index="9"]
transform = Transform( -0.244705, 0.967922, 0.056966, -0.958345, -0.250373, 0.137436, 0.14729, -0.0209617, 0.988873, 0.0266117, 2.05431, -0.581586 )
joint_type = 1
joint_offset = Transform( 1, 0, 0, 0, 1, 0, 0, 0, 1, -3.1204e-06, -1.77177e-07, 0.351638 )
body_offset = Transform( 1, -3.49246e-08, 5.96046e-08, -6.51926e-09, 1, -8.9407e-08, -7.45058e-08, 2.98023e-08, 1, 3.09944e-06, 2.08616e-07, -0.351639 )
gravity_scale = 0.0
bone_name = "shoulder.R"
joint_constraints/bias = 0.3
joint_constraints/damping = 1.0
joint_constraints/impulse_clamp = 3.16

[node name="CollisionShape" type="CollisionShape" parent="Armature/Skeleton/Physical Bone shoulderR" index="0"]
transform = Transform( 0.999999, -9.68575e-08, 0, 2.5006e-07, -7.45058e-09, 0.999999, -3.72529e-08, -0.999998, -7.45058e-09, -0.00802755, 0.379702, 0.342397 )
shape = SubResource( 9 )

[node name="Physical Bone bicepR" type="PhysicalBone" parent="Armature/Skeleton" index="10"]
transform = Transform( -0.904918, 0.246619, -0.346846, -0.29902, -0.94836, 0.105827, -0.302836, 0.199479, 0.931932, 0.894829, 1.87546, -0.698566 )
joint_type = 1
joint_offset = Transform( 1, 0, 0, 0, 1, 0, 0, 0, 1, 6.45356e-07, 7.39946e-08, 0.482829 )
body_offset = Transform( 1, -2.01166e-07, 2.68221e-07, -8.34465e-07, 1, -2.98023e-08, 6.25849e-07, -2.5332e-07, 1, -7.7486e-07, -5.96046e-08, -0.482829 )
gravity_scale = 0.0
bone_name = "bicep.R"
joint_constraints/bias = 0.3
joint_constraints/damping = 1.0
joint_constraints/impulse_clamp = 3.16

[node name="CollisionShape" type="CollisionShape" parent="Armature/Skeleton/Physical Bone bicepR" index="0"]
transform = Transform( 1, 1.49012e-07, -1.63913e-07, 2.08616e-07, -4.47035e-08, 1, -8.9407e-08, -1, -1.49012e-08, 4.76837e-07, 0.489908, 0.487294 )
shape = SubResource( 10 )

[node name="Physical Bone elbowR" type="PhysicalBone" parent="Armature/Skeleton" index="11"]
transform = Transform( -0.90893, 0.171441, -0.380069, -0.198207, -0.979633, 0.0321179, -0.366824, 0.104525, 0.924399, 0.99459, 1.00831, -0.126696 )
joint_type = 1
joint_offset = Transform( 1, 0, 0, 0, 1, 0, 0, 0, 1, 1.00156e-06, -1.78871e-06, 0.0765073 )
body_offset = Transform( 1, -2.04891e-07, -6.25849e-07, 2.23517e-07, 1, 7.45058e-09, 5.96046e-08, -9.68575e-08, 0.999999, -9.53674e-07, 1.78814e-06, -0.0765073 )
gravity_scale = 0.0
bone_name = "elbow.R"
joint_constraints/bias = 0.3
joint_constraints/damping = 1.0
joint_constraints/impulse_clamp = 3.16

[node name="CollisionShape" type="CollisionShape" parent="Armature/Skeleton/Physical Bone elbowR" index="0"]
transform = Transform( 1, -1.19209e-07, -7.45058e-09, -2.23517e-08, 2.98023e-08, 1, 1.49012e-07, -1, 0, 1.19209e-07, 0.105637, 0.0745716 )
shape = SubResource( 11 )
disabled = true

[node name="Physical Bone pelvisL" type="PhysicalBone" parent="Armature/Skeleton" index="12"]
transform = Transform( -9.8953e-10, -1, 0, 1, 2.38651e-09, 7.45058e-08, -9.31323e-08, 0, 1, 8.9407e-08, 0.579213, -0.188044 )
joint_type = 1
joint_offset = Transform( 1, 0, 0, 0, 1, 0, 0, 0, 1, 7.15256e-07, 9.68575e-08, 0.188044 )
body_offset = Transform( 1, -2.91038e-10, 0, 9.31323e-10, 1, 0, -1.76951e-08, 0, 1, -7.15256e-07, -9.68575e-08, -0.188044 )
gravity_scale = 0.0
bone_name = "pelvis.L"
joint_constraints/bias = 0.3
joint_constraints/damping = 1.0
joint_constraints/impulse_clamp = 3.16

[node name="CollisionShape" type="CollisionShape" parent="Armature/Skeleton/Physical Bone pelvisL" index="0"]
transform = Transform( 1, 0, -2.91038e-10, 5.82077e-10, 0, 1, 0, -1, 0, -1.19209e-07, 0.194483, 0.18753 )
shape = SubResource( 12 )
disabled = true

[node name="Physical Bone wingfrontL" type="PhysicalBone" parent="Armature/Skeleton" index="13"]
transform = Transform( 0.763042, -0.611039, 0.210724, 0.640536, 0.758504, -0.119949, -0.0865419, 0.226502, 0.970159, -0.442056, 0.616763, -0.303714 )
joint_type = 1
joint_offset = Transform( 1, 0, 0, 0, 1, 0, 0, 0, 1, 1.05118e-06, 1.13897e-06, 0.313056 )
body_offset = Transform( 1, -8.12113e-07, -1.21072e-07, 1.4063e-07, 1, 7.45058e-08, -1.00583e-07, 1.04308e-07, 1, -1.01328e-06, -1.16229e-06, -0.313056 )
gravity_scale = 0.0
bone_name = "wingfront.L"
joint_constraints/bias = 0.3
joint_constraints/damping = 1.0
joint_constraints/impulse_clamp = 3.16

[node name="CollisionShape" type="CollisionShape" parent="Armature/Skeleton/Physical Bone wingfrontL" index="0"]
transform = Transform( 1, -7.26432e-08, -1.31316e-07, 1.16415e-08, -4.47035e-08, 1, 4.28408e-08, -1, 5.96046e-08, -0.00892222, 0.292435, 0.310129 )
shape = SubResource( 13 )

[node name="Physical Bone thighL" type="PhysicalBone" parent="Armature/Skeleton" index="14"]
transform = Transform( -0.524319, -0.655336, 0.543711, 0.296974, -0.739156, -0.604527, 0.798056, -0.155498, 0.582173, -0.552637, 1.19367, -0.59173 )
joint_type = 1
joint_offset = Transform( 1, 0, 0, 0, 1, 0, 0, 0, 1, -1.64402e-07, 3.70817e-07, 1.01642 )
body_offset = Transform( 0.999998, -2.38419e-07, 2.98023e-08, -5.96046e-07, 0.999999, 1.04308e-07, -6.25849e-07, -1.19209e-07, 1, 1.3411e-07, -4.76837e-07, -1.01642 )
gravity_scale = 0.0
bone_name = "thigh.L"
joint_constraints/bias = 0.3
joint_constraints/damping = 1.0
joint_constraints/impulse_clamp = 3.16

[node name="CollisionShape" type="CollisionShape" parent="Armature/Skeleton/Physical Bone thighL" index="0"]
transform = Transform( 1, -8.9407e-08, -1.78814e-07, 1.93715e-07, 5.96046e-08, 1, 1.78814e-07, -1, 0, 0.00329439, 1.29891, 1.01192 )
shape = SubResource( 14 )

[node name="Physical Bone pelvisR" type="PhysicalBone" parent="Armature/Skeleton" index="15"]
transform = Transform( 9.8953e-10, 1, 0, -1, -2.38651e-09, 7.45058e-08, 9.31323e-08, 0, 1, 8.9407e-08, 0.579213, -0.188044 )
joint_type = 1
joint_offset = Transform( 1, 0, 0, 0, 1, 0, 0, 0, 1, -7.15256e-07, -9.68575e-08, 0.188044 )
body_offset = Transform( 1, -2.91038e-10, 0, 9.31323e-10, 1, 0, 1.76951e-08, 0, 1, 7.15256e-07, 9.68575e-08, -0.188044 )
gravity_scale = 0.0
bone_name = "pelvis.R"
joint_constraints/bias = 0.3
joint_constraints/damping = 1.0
joint_constraints/impulse_clamp = 3.16

[node name="CollisionShape" type="CollisionShape" parent="Armature/Skeleton/Physical Bone pelvisR" index="0"]
transform = Transform( 1, 0, -2.91038e-10, 5.82077e-10, 0, 1, 0, -1, 0, -0.0025416, 0.188638, 0.17986 )
shape = SubResource( 15 )
disabled = true

[node name="Physical Bone wingfrontR" type="PhysicalBone" parent="Armature/Skeleton" index="16"]
transform = Transform( 0.763039, 0.611039, -0.210724, -0.640534, 0.758503, -0.119949, 0.0865412, 0.226502, 0.970157, 0.442055, 0.616765, -0.303712 )
joint_type = 1
joint_offset = Transform( 1, 0, 0, 0, 1, 0, 0, 0, 1, 9.04438e-07, 1.65594e-07, 0.313055 )
body_offset = Transform( 1, 1.35228e-06, -2.23517e-07, -2.86847e-07, 0.999999, 3.27826e-07, -2.16067e-07, -1.19209e-07, 0.999998, -8.34465e-07, -2.68221e-07, -0.313054 )
gravity_scale = 0.0
bone_name = "wingfront.R"
joint_constraints/bias = 0.3
joint_constraints/damping = 1.0
joint_constraints/impulse_clamp = 3.16

[node name="CollisionShape" type="CollisionShape" parent="Armature/Skeleton/Physical Bone wingfrontR" index="0"]
transform = Transform( 1, -3.72529e-08, -2.98023e-08, -3.35276e-08, 5.96046e-08, 1, -5.96046e-08, -1, -1.19209e-07, -1.19209e-07, 0.281073, 0.327342 )
shape = SubResource( 16 )

[node name="Physical Bone thighR" type="PhysicalBone" parent="Armature/Skeleton" index="17"]
transform = Transform( -0.816527, 0.393234, -0.422672, -0.122229, -0.8333, -0.539138, -0.564222, -0.388558, 0.728477, 0.429613, 1.1272, -0.740438 )
joint_type = 1
joint_offset = Transform( 1, 0, 0, 0, 1, 0, 0, 0, 1, 8.05909e-07, -2.44193e-08, 1.01642 )
body_offset = Transform( 1, 1.63913e-07, -9.83477e-07, -4.47035e-07, 1, -3.27826e-07, 2.98023e-07, 1.19209e-07, 1, 1.93715e-07, 3.57628e-07, -1.01642 )
gravity_scale = 0.0
bone_name = "thigh.R"
joint_constraints/bias = 0.3
joint_constraints/damping = 1.0
joint_constraints/impulse_clamp = 3.16

[node name="CollisionShape" type="CollisionShape" parent="Armature/Skeleton/Physical Bone thighR" index="0"]
transform = Transform( 0.999999, 0, -8.9407e-08, 1.49012e-07, 0, 1, 1.19209e-07, -1, 4.17233e-07, -0.0406142, 1.24476, 1.0349 )
shape = SubResource( 17 )

[node name="BoneAttachment" type="BoneAttachment" parent="Armature/Skeleton" index="18"]
transform = Transform( 0.0519101, 0.964784, -0.25787, 0.879272, 0.0782722, 0.469844, 0.473482, -0.251128, -0.844245, 0.273849, 1.05489, -1.27729 )
bone_name = "hand.L"

[node name="RemoteTransform" type="RemoteTransform" parent="Armature/Skeleton/BoneAttachment" index="0"]
remote_path = NodePath("../../../../scytheparent")

[node name="scytheparent" parent="." index="1"]
transform = Transform( -0.0362057, 0.971495, -0.234278, 0.871984, 0.145234, 0.467494, 0.488193, -0.18736, -0.852387, 0.284105, -0.360258, -1.242 )

[node name="scythe" parent="scytheparent" index="0"]
transform = Transform( 0.999487, -0.0319994, 0.00113981, 0.00347789, 0.0731055, -0.997318, 0.0318303, 0.996811, 0.0731793, -0.0134453, 0.0291878, 0.0869836 )
