[gd_scene load_steps=8 format=2]

[ext_resource path="res://scenes/levels/level.tscn" type="PackedScene" id=1]
[ext_resource path="res://scenes/enemies/beamer.tscn" type="PackedScene" id=2]
[ext_resource path="res://scenes/enemies/maceguard.tscn" type="PackedScene" id=3]
[ext_resource path="res://scenes/enemies/mine.tscn" type="PackedScene" id=4]
[ext_resource path="res://scenes/enemies/polyp.tscn" type="PackedScene" id=5]
[ext_resource path="res://scenes/enemies/2blade.tscn" type="PackedScene" id=6]
[ext_resource path="res://scenes/enemies/harasser.tscn" type="PackedScene" id=7]

[node name="Level" instance=ExtResource( 1 )]

[node name="CSGCombiner" type="CSGCombiner" parent="." index="2"]
use_collision = true

[node name="CSGCylinder" type="CSGCylinder" parent="CSGCombiner" index="0"]
transform = Transform( -0.0471779, 0.995973, -0.0762318, -0.99888, -0.0473156, 0, -0.00360695, 0.0761464, 0.99709, -84.7248, 0, 0 )
invert_faces = true
radius = 103.752
height = 251.189

[node name="CSGBox2" type="CSGBox" parent="CSGCombiner" index="1"]
transform = Transform( 1, 0, 0, 0, 1, 0, 0, 0, 1, -404.431, 0, 0 )
use_collision = true
invert_faces = true
width = 207.506
height = 258.839
depth = 258.839

[node name="CSGCylinder2" type="CSGCylinder" parent="CSGCombiner" index="2"]
transform = Transform( 0.079764, -0.996814, 0, 0.996814, 0.079764, -2.32831e-10, -4.65661e-10, 0, 1, -255.03, 9.53674e-07, 9.53674e-07 )
operation = 2
use_collision = true
invert_faces = true
radius = 34.355
height = 103.754

[node name="CSGCylinder3" type="CSGCylinder" parent="CSGCombiner" index="3"]
transform = Transform( 0.079764, -0.996814, 0, 0.996814, 0.079764, -2.32831e-10, -4.65661e-10, -3.46945e-18, 1, -255.03, 9.53674e-07, 9.53674e-07 )
use_collision = true
invert_faces = true
radius = 27.542
height = 144.546

[node name="CSGTorus" type="CSGTorus" parent="." index="3"]
transform = Transform( -0.0471779, 0.995973, -0.0762318, -0.99888, -0.0473156, 0, -0.00360695, 0.0761464, 0.99709, -84.7248, 0, 0 )
use_collision = true
inner_radius = 95.726
outer_radius = 73.981
sides = 12
ring_sides = 7

[node name="CSGBox" type="CSGBox" parent="." index="4"]
transform = Transform( -0.0471779, 0.995973, -0.0762318, -0.99888, -0.0473156, 7.05058e-10, -0.00360695, 0.0761464, 0.99709, -96.8031, 8.9407e-07, -1.13249e-06 )
use_collision = true
width = 258.84
height = 95.726
depth = 8.675

[node name="CSGSphere" type="CSGSphere" parent="." index="5"]
transform = Transform( 1, 0, 0, 0, 1, 0, 0, 0, 1, -430.915, 9.4089, 0 )
use_collision = true
radius = 58.6

[node name="CSGSphere2" type="CSGSphere" parent="." index="6"]
transform = Transform( 1, 0, 0, 0, 1, 0, 0, 0, 1, -440.341, 73.9876, 80.4698 )
use_collision = true
radius = 25.0

[node name="CSGSphere3" type="CSGSphere" parent="." index="7"]
transform = Transform( 1, 0, 0, 0, 1, 0, 0, 0, 1, -374.745, 73.9876, -87.4021 )
use_collision = true
radius = 36.2

[node name="Harasser" parent="." index="8" instance=ExtResource( 7 )]
transform = Transform( 1, 0, 0, 0, 1, 0, 0, 0, 1, -421.126, 98.205, 15.8774 )

[node name="Stabby" parent="." index="9" instance=ExtResource( 6 )]
transform = Transform( 1, 0, 0, 0, 1, 0, 0, 0, 1, -52.5871, 1.50076, 44.1057 )

[node name="Stabby2" parent="." index="10" instance=ExtResource( 6 )]
transform = Transform( 1, 0, 0, 0, 1, 0, 0, 0, 1, -46.3535, 23.8403, 26.8206 )

[node name="MaceGuard" parent="." index="11" instance=ExtResource( 3 )]
transform = Transform( 1, 0, 0, 0, 1, 0, 0, 0, 1, -143.604, 2.76821, 16.2963 )

[node name="Mine" parent="." index="12" instance=ExtResource( 4 )]
transform = Transform( 1, 0, 0, 0, 1, 0, 0, 0, 1, -34.8535, 9.96313, -36.783 )

[node name="Polyp" parent="." index="13" instance=ExtResource( 5 )]
transform = Transform( 1, 0, 0, 0, 1, 0, 0, 0, 1, -457.64, 83.5671, 66.4708 )

[node name="Polyp2" parent="." index="14" instance=ExtResource( 5 )]
transform = Transform( 1, 0, 0, 0, 1, 0, 0, 0, 1, -441.427, 78.9867, 56.4919 )

[node name="Polyp3" parent="." index="15" instance=ExtResource( 5 )]
transform = Transform( 1, 0, 0, 0, 1, 0, 0, 0, 1, -467.734, 83.1963, 88.4749 )

[node name="Beamer" parent="." index="16" instance=ExtResource( 2 )]
transform = Transform( 1, 0, 0, 0, 1, 0, 0, 0, 1, -493.082, 67.5484, 24.7334 )

[node name="Beamer2" parent="." index="17" instance=ExtResource( 2 )]
transform = Transform( 1, 0, 0, 0, 1, 0, 0, 0, 1, -149.375, 13.1122, -39.3086 )
