[gd_scene load_steps=6 format=2]

[ext_resource path="res://scenes/levels/level.tscn" type="PackedScene" id=1]
[ext_resource path="res://scenes/enemies/bullet_hell/guys/drifter.tscn" type="PackedScene" id=2]
[ext_resource path="res://scenes/enemies/stabby.tscn" type="PackedScene" id=3]
[ext_resource path="res://scenes/enemies/harasser.tscn" type="PackedScene" id=4]
[ext_resource path="res://scenes/environment/cyst.tscn" type="PackedScene" id=5]

[node name="Level" instance=ExtResource( 1 )]

[node name="Player" parent="." index="0"]
transform = Transform( 1, 0, 0, 0, 1, 0, 0, 0, 1, 8.82838, 0, 1.22087 )

[node name="Drifter" parent="." index="1" instance=ExtResource( 2 )]
transform = Transform( 1, 0, 0, 0, 1, 0, 0, 0, 1, -18.1711, 23.7846, -41.6245 )

[node name="Drifter2" parent="." index="2" instance=ExtResource( 2 )]
transform = Transform( 1, 0, 0, 0, 1, 0, 0, 0, 1, 28.9491, -4.43006, -38.8269 )

[node name="Stabby" parent="." index="3" instance=ExtResource( 3 )]
transform = Transform( 1, 0, 0, 0, 1, 0, 0, 0, 1, 19.7913, -6.14831, -23.6878 )

[node name="Stabby2" parent="." index="4" instance=ExtResource( 3 )]
transform = Transform( 1, 0, 0, 0, 1, 0, 0, 0, 1, -21.6465, 11.5322, -17.4244 )

[node name="Harasser" parent="." index="5" instance=ExtResource( 4 )]
transform = Transform( 1, 0, 0, 0, 1, 0, 0, 0, 1, -23.1761, -1.8569, -76.6036 )

[node name="Cyst" parent="." index="6" instance=ExtResource( 5 )]
transform = Transform( 1, 0, 0, 0, 1, 0, 0, 0, 1, 24.1361, 12.7345, -46.4785 )

[node name="DirectionalLight" type="DirectionalLight" parent="." index="7"]
transform = Transform( -0.777032, 0.499016, -0.383673, -0.595867, -0.386664, 0.703871, 0.20289, 0.775548, 0.597797, -7.61067, 47.3107, 26.4507 )
light_color = Color( 0.623529, 0.913725, 0.960784, 1 )
light_energy = 0.2

[node name="Geometry" type="CSGCombiner" parent="." index="8"]
use_collision = true
collision_mask = 0

[node name="Container" type="CSGBox" parent="Geometry" index="0"]
transform = Transform( 1, 0, 0, 0, 1, 0, 0, 0, 1, 10.5125, 8.62104, -11.8724 )
invert_faces = true
width = 98.4548
height = 47.947
depth = 152.296

[node name="Pillars" type="CSGBox" parent="Geometry" index="1"]
transform = Transform( 0.92408, -0.3822, 0, 0.3822, 0.92408, 0, 0, 0, 1, -8.30385, 7.94806, -17.6476 )
operation = 2
invert_faces = true
width = 5.70018
height = 57.0491
depth = 4.73368

[node name="CSGBox2" type="CSGBox" parent="Geometry/Pillars" index="0"]
transform = Transform( 0.486191, 0.824219, -0.290313, -0.873506, 0.449033, -0.188035, -0.0246217, 0.34501, 0.938276, 15.1745, 6.13668, 5.63992 )
invert_faces = true
width = 4.036
height = 39.3619
depth = 4.79277

[node name="Pillars2" type="CSGBox" parent="Geometry" index="2"]
transform = Transform( -0.773641, 0.633624, 0, -0.633624, -0.773641, 0, 0, 0, 1, 28.4671, 12.0282, -47.9824 )
operation = 2
invert_faces = true
width = 5.70018
height = 79.1705
depth = 4.73368

[node name="CSGBox2" type="CSGBox" parent="Geometry/Pillars2" index="0"]
transform = Transform( 0.486191, 0.824219, -0.290313, -0.873506, 0.449033, -0.188035, -0.0246217, 0.34501, 0.938276, 15.1745, 6.13668, 5.63992 )
invert_faces = true
width = 4.036
height = 39.3619
depth = 4.79277

[node name="CSGBox4" type="CSGBox" parent="Geometry" index="3"]
transform = Transform( 0.371189, -0.576398, 0.728, -0.732994, 0.299411, 0.610797, -0.570033, -0.760341, -0.311359, 34.3264, -3.03794, 73.3904 )
operation = 2
invert_faces = true
width = 185.502
height = 84.7775
depth = 180.856

[node name="CSGBox" type="CSGBox" parent="Geometry" index="4"]
transform = Transform( 0.781804, -0.600476, 0.167961, 0.58708, 0.799643, 0.126127, -0.210045, 3.72529e-08, 0.977692, -43.7677, -10.4636, -1.18767 )
operation = 2
invert_faces = true
width = 31.5946
height = 81.9409
depth = 169.269

[node name="CSGBox2" type="CSGBox" parent="Geometry" index="5"]
transform = Transform( 0.912934, -0.204793, 0.353003, 0, 0.864976, 0.501813, -0.408107, -0.458122, 0.789666, 35.2852, 9.03012, -6.5149 )
operation = 2
invert_faces = true
width = 7.06381
height = 56.9158
depth = 6.09615

[node name="CSGBox3" type="CSGBox" parent="Geometry" index="6"]
transform = Transform( 0.713969, -0.683776, 0.15066, 0.196497, 0.4022, 0.894217, -0.672039, -0.608839, 0.421518, -28.5671, 19.2271, -75.6654 )
operation = 2
invert_faces = true
width = 7.06381
height = 46.9961
depth = 6.09615

[node name="CSGBox5" type="CSGBox" parent="Geometry/CSGBox3" index="0"]
transform = Transform( 1, -1.49012e-08, 5.96046e-08, -2.98023e-08, 0.450224, -0.892918, -2.98023e-08, 0.892918, 0.450224, -0.350502, -23.6825, -1.89136 )
invert_faces = true
width = 7.06381
height = 52.7144
depth = 6.09615
