[gd_scene load_steps=6 format=2]

[ext_resource path="res://scenes/levels/level.tscn" type="PackedScene" id=1]
[ext_resource path="res://scenes/environment/bloodstream.tscn" type="PackedScene" id=2]
[ext_resource path="res://scenes/enemies/harasser.tscn" type="PackedScene" id=3]
[ext_resource path="res://scenes/enemies/beamer.tscn" type="PackedScene" id=4]
[ext_resource path="res://scenes/enemies/2blade.tscn" type="PackedScene" id=5]

[node name="Level" instance=ExtResource( 1 )]

[node name="CSGSphere" type="CSGSphere" parent="." index="2"]
transform = Transform( 1, 0, 0, 0, 1, 0, 0, 0, 1, 0.643627, 0.134262, 0.20896 )
use_collision = true
invert_faces = true
radius = 52.999

[node name="CSGSphere5" type="CSGSphere" parent="CSGSphere" index="0"]
transform = Transform( 1, 0, 0, 0, 1, 0, 0, 0, 1, -47.953, -34.4749, -14.0754 )
operation = 2
use_collision = true
invert_faces = true
radius = 35.356

[node name="CSGSphere2" type="CSGSphere" parent="." index="3"]
transform = Transform( 1, 0, 0, 0, 1, 0, 0, 0, 1, 0, 12.6859, -18.8101 )
use_collision = true
radius = 7.1983

[node name="CSGSphere4" type="CSGSphere" parent="." index="4"]
transform = Transform( 1, 0, 0, 0, 1, 0, 0, 0, 1, 14.3719, -16.5441, -8.06548 )
use_collision = true
radius = 11.998

[node name="CSGSphere3" type="CSGSphere" parent="." index="5"]
transform = Transform( 1, 0, 0, 0, 1, -0.000663225, 0, 0.000663225, 1, 10.5464, 23.8706, 21.4323 )
use_collision = true
radius = 13.598

[node name="Bloodstream" parent="." index="6" instance=ExtResource( 2 )]
transform = Transform( 0.967095, 0.225713, 0.117394, 0.0523618, 0.274962, -0.960028, -0.24897, 0.934585, 0.254095, 5.56311, 18.8809, 3.04025 )

[node name="Bloodstream2" parent="." index="7" instance=ExtResource( 2 )]
transform = Transform( 0.956995, -0.0107893, 0.289905, 0.176541, 0.814631, -0.552457, -0.230205, 0.579879, 0.781502, 12.8823, 2.01349, 5.11773 )

[node name="Bloodstream3" parent="." index="8" instance=ExtResource( 2 )]
transform = Transform( -0.103424, 0.974964, 0.196856, 0.329657, 0.220331, -0.918032, -0.93842, -0.0300518, -0.34419, -9.88514, -22.0149, -7.13889 )

[node name="Bloodstream4" parent="." index="9" instance=ExtResource( 2 )]
transform = Transform( 0.660303, 0.750999, 0, -0.750999, 0.660303, 0, 0, 0, 1, -17.9477, -2.93273, -16.9906 )

[node name="Bloodstream5" parent="." index="10" instance=ExtResource( 2 )]
transform = Transform( 0.653095, 0.680339, -0.332574, -0.748053, 0.647928, -0.143546, 0.117824, 0.342532, 0.932089, -12.3565, 0.900948, 9.7232 )

[node name="Bloodstream6" parent="." index="11" instance=ExtResource( 2 )]
transform = Transform( 0.7844, -0.385483, -0.400796, 0.523448, 0.703291, 0.0317835, 0.332744, -0.19764, 0.894826, 9.46186, -5.69883, -14.5222 )

[node name="Beamer" parent="." index="12" instance=ExtResource( 4 )]
transform = Transform( 0.7844, -0.385483, -0.400796, 0.523448, 0.70329, 0.0317835, 0.332744, -0.19764, 0.894826, 12.683, 16.7138, 40.1609 )

[node name="Harasser" parent="." index="13" instance=ExtResource( 3 )]
transform = Transform( 0.7844, -0.385483, -0.400796, 0.523448, 0.70329, 0.0317833, 0.332744, -0.19764, 0.894826, -26.7161, 15.1916, -5.08239 )

[node name="Harasser2" parent="." index="14" instance=ExtResource( 3 )]
transform = Transform( 0.7844, -0.385482, -0.400796, 0.523448, 0.70329, 0.0317833, 0.332744, -0.19764, 0.894826, 31.4581, 29.4262, -0.296108 )

[node name="Stabby" parent="." index="15" instance=ExtResource( 5 )]
transform = Transform( 0.784401, -0.385482, -0.400796, 0.523448, 0.70329, 0.0317833, 0.332744, -0.19764, 0.894826, 12.8532, 27.3944, -20.0517 )
