[gd_scene load_steps=4 format=2]

[ext_resource path="res://scenes/levels/level.tscn" type="PackedScene" id=1]
[ext_resource path="res://scenes/environment/walltrap.tscn" type="PackedScene" id=2]
[ext_resource path="res://scenes/enemies/invincible.tscn" type="PackedScene" id=3]

[node name="WallTraps" instance=ExtResource( 1 )]

[node name="Player" parent="." index="0"]
transform = Transform( 1, 0, 0, 0, 1, 0, 0, 0, 1, 0, 5.23711, 27.1408 )

[node name="Invincible" parent="." index="1" instance=ExtResource( 3 )]

[node name="WallTrap" parent="." index="2" instance=ExtResource( 2 )]
transform = Transform( 0.0665003, 0, 0.997786, 0, 1, 0, -0.997786, 0, 0.0665003, -19.4941, 0, -1.42204 )

[node name="WallTrap2" parent="." index="3" instance=ExtResource( 2 )]
transform = Transform( -0.00256138, 0.0518124, -0.998654, 0.244172, 0.968462, 0.0496198, 0.969728, -0.243717, -0.0151318, 20.4638, -6.41992, -13.3581 )

[node name="WallTrap3" parent="." index="4" instance=ExtResource( 2 )]
transform = Transform( 0.00514127, -0.998653, -0.0516203, 0.384928, 0.0496197, -0.921612, 0.922932, -0.0151318, 0.384664, 4.86523, 20.3195, 9.7867 )

[node name="WallTrap4" parent="." index="5" instance=ExtResource( 2 )]
transform = Transform( 0.00514127, -0.998653, -0.0516203, 0.384928, 0.0496197, -0.921612, 0.922932, -0.0151318, 0.384664, -7.31962, 5.88826, -28.6626 )

[node name="CSGBox" type="CSGBox" parent="." index="6"]
transform = Transform( 1, 0, 0, 0, 0.929931, 0.367735, 0, -0.367735, 0.929931, 0, 0, 0 )
use_collision = true
collision_mask = 0
invert_faces = true
width = 42.0395
height = 33.3614
depth = 77.5079

[node name="DirectionalLight" type="DirectionalLight" parent="." index="7"]
transform = Transform( 1, 0, 0, 0, 0.777552, 0.628818, 0, -0.628818, 0.777552, 0, 15.5611, 0 )
light_color = Color( 0.623529, 0.913725, 0.960784, 1 )
light_energy = 0.19
