[gd_scene load_steps=10 format=2]

[ext_resource path="res://assets/models/melee2blade_idle.anim" type="Animation" id=1]
[ext_resource path="res://scripts/enemies/melee_enemy.gd" type="Script" id=2]
[ext_resource path="res://scenes/other/Halo/Halo.tscn" type="PackedScene" id=3]
[ext_resource path="res://assets/models/melee2blade_stun.anim" type="Animation" id=4]
[ext_resource path="res://assets/models/melee2blade.tscn" type="PackedScene" id=5]

[sub_resource type="Animation" id=3]
length = 0.001
tracks/0/type = "value"
tracks/0/path = NodePath("../AttackHitbox/CollisionShape:disabled")
tracks/0/interp = 1
tracks/0/loop_wrap = true
tracks/0/imported = false
tracks/0/enabled = true
tracks/0/keys = {
"times": PoolRealArray( 0 ),
"transitions": PoolRealArray( 1 ),
"update": 0,
"values": [ true ]
}
tracks/1/type = "value"
tracks/1/path = NodePath("../AttackHitbox/CollisionShape2:disabled")
tracks/1/interp = 1
tracks/1/loop_wrap = true
tracks/1/imported = false
tracks/1/enabled = true
tracks/1/keys = {
"times": PoolRealArray( 0 ),
"transitions": PoolRealArray( 1 ),
"update": 1,
"values": [ true ]
}
tracks/2/type = "value"
tracks/2/path = NodePath("Armature/Skeleton/BoneAttachment/Spatial:rotation_degrees")
tracks/2/interp = 1
tracks/2/loop_wrap = true
tracks/2/imported = false
tracks/2/enabled = true
tracks/2/keys = {
"times": PoolRealArray( 0 ),
"transitions": PoolRealArray( 1 ),
"update": 0,
"values": [ Vector3( -4.80412e-06, -22.661, -1.36604e-05 ) ]
}
tracks/3/type = "value"
tracks/3/path = NodePath("Armature/Skeleton/BoneAttachment/Spatial:translation")
tracks/3/interp = 1
tracks/3/loop_wrap = true
tracks/3/imported = false
tracks/3/enabled = true
tracks/3/keys = {
"times": PoolRealArray( 0 ),
"transitions": PoolRealArray( 1 ),
"update": 0,
"values": [ Vector3( 0.563767, 0.990519, 0.544919 ) ]
}
tracks/4/type = "value"
tracks/4/path = NodePath("Armature/Skeleton/BoneAttachment2/Spatial:translation")
tracks/4/interp = 1
tracks/4/loop_wrap = true
tracks/4/imported = false
tracks/4/enabled = true
tracks/4/keys = {
"times": PoolRealArray( 0 ),
"transitions": PoolRealArray( 1 ),
"update": 0,
"values": [ Vector3( -0.643108, 0.810053, 0.775041 ) ]
}
tracks/5/type = "value"
tracks/5/path = NodePath("Armature/Skeleton/BoneAttachment2/Spatial:rotation_degrees")
tracks/5/interp = 1
tracks/5/loop_wrap = true
tracks/5/imported = false
tracks/5/enabled = true
tracks/5/keys = {
"times": PoolRealArray( 0 ),
"transitions": PoolRealArray( 1 ),
"update": 0,
"values": [ Vector3( 12.365, -39.685, -4.37024e-07 ) ]
}

[sub_resource type="CapsuleShape" id=1]
radius = 1.4256
height = 1.19925

[sub_resource type="BoxShape" id=2]
extents = Vector3( 1.36991, 0.378666, 0.241981 )

[sub_resource type="BoxShape" id=4]
extents = Vector3( 0.306013, 0.315031, 1.32673 )

[node name="2blade" type="KinematicBody" groups=["enemies"]]
collision_layer = 4
collision_mask = 5
script = ExtResource( 2 )
TURN_SPEED = 5.0
RAY_OFFSET = 2.0
ATTACK_TIME = 2.4
PHYSICS_BONE = "collarboneR"
ANIM_PREFIX = "melee2blade"
ATTACK_ANIM_SPEED = 2.5
ATTACK_DISTANCE = 15
PLAYER_KNOCK_BACK_SPEED = 40
ATTACK_ANGLE = 0.9
DRAG = 0.01

[node name="Model" parent="." instance=ExtResource( 5 )]

[node name="Skeleton" parent="Model/Armature" index="0"]
bones/5/bound_children = [  ]
bones/9/bound_children = [  ]

[node name="Physical Bone root" parent="Model/Armature/Skeleton" index="1"]
transform = Transform( 0.984015, 0.0957329, 0.150152, -0.173653, 0.7026, 0.690069, -0.0394338, -0.705117, 0.707996, -0.117413, -0.53961, -0.553629 )
joint_offset = Transform( 1, 0, 0, 0, 1, 0, 0, 0, 1, -9.31323e-08, -3.27826e-07, 0.781965 )
body_offset = Transform( 0.98701, 0.0976717, 0.127542, -0.145913, 0.877199, 0.457417, -0.0672027, -0.470089, 0.880058, -0.0997333, -0.357684, -0.688175 )

[node name="Physical Bone neck" parent="Model/Armature/Skeleton" index="2"]
transform = Transform( -0.0495277, -0.644561, 0.762946, -0.993162, 0.112638, 0.0306871, -0.105717, -0.756211, -0.645729, -0.687553, 1.28227, -0.724884 )
joint_offset = Transform( 1, 0, 0, 0, 1, 0, 0, 0, 1, -0.27705, -0.634581, 0.365691 )
body_offset = Transform( -0.0383987, -0.624063, 0.780429, -0.152793, 0.77549, 0.612591, -0.987512, -0.0957217, -0.12513, -0.692053, 0.225761, -0.288574 )

[node name="Physical Bone collarboneR" parent="Model/Armature/Skeleton" index="3"]
transform = Transform( 0.0389408, 0.891969, -0.450417, -0.970577, 0.140947, 0.195206, 0.237604, 0.429564, 0.871216, 0.186262, 0.5942, -1.65342 )
joint_offset = Transform( 1, 0, 0, 0, 1, 0, 0, 0, 1, -0.459768, 0.234639, 0.833276 )
body_offset = Transform( 0.879019, -0.0750605, -0.470831, 0.131424, 0.987417, 0.0879474, 0.458305, -0.139188, 0.877828, 0.814089, -0.244546, -0.4881 )

[node name="Physical Bone bicepR" parent="Model/Armature/Skeleton" index="4"]
transform = Transform( -0.994386, 0.0729006, 0.0766797, 0.0142084, -0.626178, 0.779552, 0.104846, 0.776265, 0.621626, 0.148085, 0.433953, -1.3603 )
joint_offset = Transform( 1, 0, 0, 0, 1, 0, 0, 0, 1, -0.243975, 0.0751321, 1.11479 )
body_offset = Transform( 0.421121, 0.211663, -0.881961, -0.523194, 0.850994, -0.0455873, 0.740894, 0.480634, 0.469113, 1.07004, -0.140763, -0.378313 )

[node name="Physical Bone ForearmR" parent="Model/Armature/Skeleton" index="5"]
transform = Transform( -0.981696, 0.176162, 0.0723962, -0.133225, -0.906793, 0.399975, 0.136111, 0.383009, 0.913664, 1.18985, -0.370019, -0.789126 )
joint_offset = Transform( 1, 0, 0, 0, 1, 0, 0, 0, 1, 0.141119, -0.801897, 1.03375 )
body_offset = Transform( 0.688696, 0.642121, 0.336725, -0.38287, 0.716457, -0.583183, -0.61572, 0.272713, 0.739268, 0.0696378, 1.23142, -0.45864 )

[node name="Physical Bone collarboneL" parent="Model/Armature/Skeleton" index="6"]
transform = Transform( 0.363348, -0.750888, 0.551493, 0.903767, 0.427829, -0.0129275, -0.226238, 0.503118, 0.834079, -0.1101, 0.655332, -1.64236 )
joint_offset = Transform( 1, 0, 0, 0, 1, 0, 0, 0, 1, 0.401384, 0.529312, 0.636862 )
body_offset = Transform( 0.875512, 0.358286, 0.324205, -0.384485, 0.922949, 0.0183227, -0.29266, -0.140693, 0.945809, -0.747535, -0.345871, -0.41041 )

[node name="Physical Bone bicepL" parent="Model/Armature/Skeleton" index="7"]
transform = Transform( -0.342546, -0.898529, -0.274426, 0.846426, -0.421911, 0.324894, -0.407709, -0.12099, 0.905063, -0.172855, 0.965235, -1.59229 )
joint_offset = Transform( 1, 0, 0, 0, 1, 0, 0, 0, 1, -0.042521, 0.0288603, 1.0648 )
body_offset = Transform( 0.718065, 0.693173, 0.0624166, -0.695976, 0.715011, 0.0661693, 0.00123838, -0.0909541, 0.995857, -0.0559335, -0.120686, -1.05771 )

[node name="Physical Bone ForearmL" parent="Model/Armature/Skeleton" index="8"]
transform = Transform( -0.775871, -0.144543, 0.614114, 0.0998373, -0.98927, -0.106706, 0.622946, -0.0214788, 0.781972, -2.08934, 0.150793, -0.945592 )
joint_offset = Transform( 1, 0, 0, 0, 1, 0, 0, 0, 1, -0.585625, -0.54459, 1.16058 )
body_offset = Transform( 0.446111, -0.439209, -0.779797, 0.157335, 0.896224, -0.414773, 0.881042, 0.0623453, 0.468916, 0.927079, 1.06159, 0.00569955 )

[node name="Physical Bone pelvisR" parent="Model/Armature/Skeleton" index="9"]
transform = Transform( 0.067251, 0.938366, -0.339038, 0.770211, 0.16718, 0.615489, 0.634233, -0.302523, -0.711497, 0.0537649, -0.0976032, 0.11283 )
joint_offset = Transform( 1, 0, 0, 0, 1, 0, 0, 0, 1, -9.76026e-07, -2.81725e-07, 0.15858 )
body_offset = Transform( 0.878215, -0.142094, -0.45667, 0.145763, 0.98894, -0.0273955, 0.455512, -0.0425062, 0.889215, 0.0724194, 0.00434479, -0.141011 )

[node name="Physical Bone pelvisL" parent="Model/Armature/Skeleton" index="10"]
transform = Transform( -0.27572, -0.87609, 0.395531, -0.740013, 0.456077, 0.494343, -0.613482, -0.156398, -0.774067, -0.0627234, -0.0783926, 0.122751 )
joint_offset = Transform( 1, 0, 0, 0, 1, 0, 0, 0, 1, -4.47035e-08, -2.2538e-07, 0.15858 )
body_offset = Transform( 0.834245, -0.0582488, 0.548309, 0.146261, 0.98216, -0.118196, -0.531642, 0.178801, 0.827881, -0.0869506, 0.0187437, -0.131285 )

[node name="BoneAttachment" parent="Model/Armature/Skeleton" index="11"]
transform = Transform( -0.538593, 0.459853, 0.706012, -0.539339, -0.831928, 0.130423, 0.647327, -0.310535, 0.696087, 0.984887, 0.751809, -0.132553 )

[node name="Spatial" parent="Model/Armature/Skeleton/BoneAttachment" index="0"]
transform = Transform( 0.922802, 2.52318e-07, -0.385278, -2.38419e-07, 1, 8.38477e-08, 0.385278, 1.44829e-08, 0.922801, 0.563767, 0.990519, 0.544919 )

[node name="RemoteTransform" parent="Model/Armature/Skeleton/BoneAttachment/Spatial" index="0"]
remote_path = NodePath("../../../../../../AttackHitbox/CollisionShape")

[node name="BoneAttachment2" parent="Model/Armature/Skeleton" index="12"]
transform = Transform( -0.761523, -0.506329, -0.404616, 0.56224, -0.826633, -0.0237514, -0.322443, -0.245578, 0.914178, -0.843523, 0.507232, -0.391169 )

[node name="Spatial" parent="Model/Armature/Skeleton/BoneAttachment2" index="0"]
transform = Transform( 0.769567, -0.136742, -0.623754, -7.45058e-09, 0.976803, -0.214139, 0.638567, 0.164794, 0.751716, -0.643108, 0.810053, 0.775041 )

[node name="RemoteTransform" parent="Model/Armature/Skeleton/BoneAttachment2/Spatial" index="0"]
remote_path = NodePath("../../../../../../AttackHitbox/CollisionShape2")

[node name="AnimationPlayer" parent="Model" index="3"]
autoplay = "melee2blade_idle"
anims/RESET = SubResource( 3 )
anims/melee2blade_idle = ExtResource( 1 )
anims/melee2blade_stun = ExtResource( 4 )

[node name="Body" type="CollisionShape" parent="."]
transform = Transform( 1, 0, 0, 0, -4.37114e-08, -1, 0, 1, -4.37114e-08, 0, -0.20006, 0 )
shape = SubResource( 1 )

[node name="Timer" type="Timer" parent="."]
wait_time = 0.5
one_shot = true

[node name="Light" type="OmniLight" parent="."]
transform = Transform( 1, 0, 0, 0, 1, 0, 0, 0, 1, 0, -0.19642, -0.182277 )
light_energy = 2.15
light_indirect_energy = 0.0
light_specular = 0.37
omni_range = 5.6
omni_attenuation = 2.82843

[node name="NegLight" type="OmniLight" parent="."]
transform = Transform( 1, 0, 0, 0, 1, 0, 0, 0, 1, 0, 0.994454, -0.0804796 )
visible = false
light_energy = 0.99
light_indirect_energy = 0.0
light_negative = true
light_specular = 0.37
omni_range = 1.9
omni_attenuation = 1.62451

[node name="Halo" parent="." instance=ExtResource( 3 )]
transform = Transform( 0.75, 0, 0, 0, 0.75, 0, 0, 0, 0.75, 0.00382447, 0.787192, -0.318156 )

[node name="CastPoint" type="Position3D" parent="."]
transform = Transform( 1, 0, 0, 0, 1, 0, 0, 0, 1, 0, 0, 0.824959 )

[node name="AttackHitbox" type="Area" parent="."]
collision_layer = 0
collision_mask = 34

[node name="CollisionShape" type="CollisionShape" parent="AttackHitbox"]
transform = Transform( 0.803682, 0.264383, 0.533103, -0.352671, -0.509964, 0.784577, 0.479292, -0.818559, -0.316609, 2.11037, -0.800391, 0.32162 )
shape = SubResource( 2 )
disabled = true

[node name="CollisionShape2" type="CollisionShape" parent="AttackHitbox"]
transform = Transform( -0.166088, -0.97663, -0.136406, 0.441672, 0.0500017, -0.895782, 0.881669, -0.209025, 0.423046, -1.68976, -2.31792, 0.671607 )
shape = SubResource( 4 )
disabled = true

[connection signal="timeout" from="Timer" to="." method="_on_timeout"]
[connection signal="area_entered" from="AttackHitbox" to="." method="_on_hit_attack"]
[connection signal="body_entered" from="AttackHitbox" to="." method="_on_hit_player"]

[editable path="Model"]
