[gd_scene load_steps=4 format=2]

[ext_resource path="res://scripts/enemies/harasser.gd" type="Script" id=1]
[ext_resource path="res://assets/models/harasser01.tscn" type="PackedScene" id=2]

[sub_resource type="BoxShape" id=1]

[node name="Harasser" type="KinematicBody" groups=["enemies"]]
collision_layer = 4
collision_mask = 5
script = ExtResource( 1 )
COOLDOWN_TIME = 1.5
PHYSICS_BONE = "root"

[node name="Model" parent="." instance=ExtResource( 2 )]

[node name="Physical Bone root" parent="Model/Armature/Skeleton" index="1"]
transform = Transform( 1, -7.32747e-15, -2.38418e-07, -5.29289e-09, 0.999754, -0.0221999, 2.3836e-07, 0.0221999, 0.999754, 1.63256e-07, 0.0152029, -0.684576 )
joint_offset = Transform( 1, 0, 0, 0, 1, 0, 0, 0, 1, -3.94046e-14, -1.43051e-06, 0.684745 )
body_offset = Transform( 1, 0, 6.07514e-13, -7.10543e-15, 1, 0, 3.41061e-13, 0, 1, -3.76588e-13, 1.43051e-06, -0.684745 )

[node name="Physical Bone root001" parent="Model/Armature/Skeleton" index="2"]
transform = Transform( 1, -1.13687e-13, -2.38418e-07, 2.20858e-07, 0.376676, 0.926345, 8.98068e-08, -0.926345, 0.376676, 6.10986e-08, 1.13176, -0.066127 )
joint_offset = Transform( 1, 0, 0, 0, 1, 0, 0, 0, 1, -5.08937e-13, -7.00541e-07, 0.256265 )
body_offset = Transform( 1, -7.81597e-14, 7.10543e-13, 7.10543e-15, 1, 2.98023e-08, 3.83693e-13, -2.98023e-08, 1, 3.2685e-13, 6.92904e-07, -0.256265 )

[node name="Physical Bone root004" parent="Model/Armature/Skeleton" index="3"]
transform = Transform( 1, 1.77636e-14, 2.38418e-07, -9.24793e-08, -0.921707, 0.387887, 2.19752e-07, -0.387887, -0.921707, -1.055e-07, -0.171639, 0.407855 )
joint_offset = Transform( 1, 0, 0, 0, 1, 0, 0, 0, 1, 2.25242e-13, 1.65626e-07, 0.442499 )
body_offset = Transform( 1, 1.42109e-14, -2.84217e-13, -7.10543e-15, 1, 2.98023e-08, -2.84217e-14, -2.98023e-08, 1, -9.9476e-14, -1.78814e-07, -0.442499 )

[node name="Physical Bone root005" parent="Model/Armature/Skeleton" index="4"]
transform = Transform( 0.998879, 0.0273033, 0.038674, 0.0149341, -0.95695, 0.289871, 0.0449236, -0.288968, -0.956284, -0.00795792, -0.875357, -0.146506 )
joint_offset = Transform( 1, 0, 0, 0, 1, 0, 0, 0, 1, 5.05368e-08, -1.26838e-06, 0.205769 )
body_offset = Transform( 1, 4.98258e-08, -1.02445e-08, -1.58325e-08, 1, -2.08616e-07, -7.70669e-08, 2.98023e-07, 1, -4.84288e-08, 1.3113e-06, -0.205769 )

[node name="Physical Bone root006" parent="Model/Armature/Skeleton" index="5"]
transform = Transform( 0.998879, 0.036629, 0.0299909, 0.014934, -0.844972, 0.534604, 0.0449235, -0.533556, -0.844571, 0.00554779, -1.31093, -0.302005 )
joint_offset = Transform( 1, 0, 0, 0, 1, 0, 0, 0, 1, -2.22947e-08, 1.03281e-06, 0.189677 )
body_offset = Transform( 1, -6.98492e-09, -3.95812e-08, -2.91038e-08, 1, -4.17233e-07, -3.81842e-08, -2.98023e-07, 1, 2.98023e-08, -9.53674e-07, -0.189677 )

[node name="Physical Bone root007" parent="Model/Armature/Skeleton" index="6"]
transform = Transform( 0.998879, 0.0410663, 0.023552, 0.014934, -0.745439, 0.666407, 0.0449234, -0.665308, -0.745217, 0.0192384, -1.69682, -0.47814 )
joint_offset = Transform( 1, 0, 0, 0, 1, 0, 0, 0, 1, 1.53326e-07, 7.45699e-09, 0.250215 )
body_offset = Transform( 1, -8.3819e-09, -3.21306e-08, -3.49246e-09, 1, -2.98023e-08, -3.72529e-09, 1.49012e-07, 1, -1.45286e-07, 0, -0.250215 )

[node name="Body" type="CollisionShape" parent="."]
shape = SubResource( 1 )

[node name="Timer" type="Timer" parent="."]

[node name="DirectionTimer" type="Timer" parent="."]
wait_time = 6.0

[connection signal="timeout" from="Timer" to="." method="_on_timeout"]

[editable path="Model"]
