[gd_scene load_steps=4 format=2]

[ext_resource path="res://scripts/enemies/harasser.gd" type="Script" id=1]
[ext_resource path="res://assets/models/harasser01.tscn" type="PackedScene" id=2]

[sub_resource type="BoxShape" id=1]

[node name="Harasser" type="KinematicBody" groups=["enemies"]]
collision_layer = 4
collision_mask = 5
script = ExtResource( 1 )
COOLDOWN_TIME = 0.75
PHYSICS_BONE = "root"

[node name="Model" parent="." instance=ExtResource( 2 )]

[node name="Physical Bone root" parent="Model/Armature/Skeleton" index="1"]
transform = Transform( 1, -7.32747e-15, -2.38418e-07, -5.29288e-09, 0.999754, -0.0221999, 2.3836e-07, 0.0221999, 0.999754, 1.63256e-07, 0.0152019, -0.684575 )
joint_offset = Transform( 1, 0, 0, 0, 1, 0, 0, 0, 1, -3.52858e-14, -5.96046e-07, 0.684744 )
body_offset = Transform( 1, 0, 2.4869e-13, -7.10543e-15, 1, 0, 1.27898e-13, 0, 1, -1.35003e-13, 5.96046e-07, -0.684744 )

[node name="Physical Bone root001" parent="Model/Armature/Skeleton" index="2"]
transform = Transform( 1, -7.81597e-14, -2.38418e-07, 2.20858e-07, 0.376676, 0.926345, 8.98067e-08, -0.926345, 0.376676, 6.10987e-08, 1.13176, -0.066127 )
joint_offset = Transform( 1, 0, 0, 0, 1, 0, 0, 0, 1, -2.07838e-13, -2.60957e-07, 0.256266 )
body_offset = Transform( 1, -4.26326e-14, 2.84217e-13, -7.10543e-15, 1, 2.98023e-08, 1.7053e-13, -2.98023e-08, 1, 1.35003e-13, 2.5332e-07, -0.256266 )

[node name="Physical Bone root004" parent="Model/Armature/Skeleton" index="3"]
transform = Transform( 1, 1.77636e-14, 2.38419e-07, -9.24793e-08, -0.921708, 0.387887, 2.19752e-07, -0.387887, -0.921708, -1.055e-07, -0.171639, 0.407855 )
joint_offset = Transform( 1, 0, 0, 0, 1, 0, 0, 0, 1, 7.08054e-14, 1.92001e-07, 0.442499 )
body_offset = Transform( 1, 0, -1.27898e-13, -7.10543e-15, 1, -2.98023e-08, -2.84217e-14, 2.98023e-08, 1, -1.42109e-14, -1.78814e-07, -0.442499 )

[node name="Physical Bone root005" parent="Model/Armature/Skeleton" index="4"]
transform = Transform( 0.998879, 0.0273032, 0.038674, 0.0149341, -0.95695, 0.289871, 0.0449235, -0.288968, -0.956285, -0.00795795, -0.875357, -0.146505 )
joint_offset = Transform( 1, 0, 0, 0, 1, 0, 0, 0, 1, 1.61947e-08, -8.34465e-07, 0.20577 )
body_offset = Transform( 1, 1.07102e-08, -6.28643e-09, -3.72529e-09, 1, 0, -2.72412e-08, 2.98023e-07, 1, -1.49012e-08, 8.34465e-07, -0.20577 )

[node name="Physical Bone root006" parent="Model/Armature/Skeleton" index="5"]
transform = Transform( 0.998879, 0.036629, 0.0299909, 0.014934, -0.844972, 0.534603, 0.0449235, -0.533556, -0.844571, 0.00554785, -1.31093, -0.302006 )
joint_offset = Transform( 1, 0, 0, 0, 1, 0, 0, 0, 1, -8.26116e-09, 3.39166e-08, 0.189676 )
body_offset = Transform( 1, -6.98492e-09, -1.53668e-08, -1.62981e-08, 1, -1.78814e-07, -1.72295e-08, -2.98023e-07, 1, 1.11759e-08, 0, -0.189676 )

[node name="Physical Bone root007" parent="Model/Armature/Skeleton" index="6"]
transform = Transform( 0.998879, 0.0410663, 0.023552, 0.014934, -0.745439, 0.666407, 0.0449234, -0.665308, -0.745217, 0.0192385, -1.69682, -0.47814 )
joint_offset = Transform( 1, 0, 0, 0, 1, 0, 0, 0, 1, 5.59991e-08, 1.95575e-16, 0.250215 )
body_offset = Transform( 1, -8.3819e-09, -1.53668e-08, -3.49246e-09, 1, 0, -3.72529e-09, 1.49012e-07, 1, -5.21541e-08, 0, -0.250215 )

[node name="Body" type="CollisionShape" parent="."]
shape = SubResource( 1 )

[node name="Timer" type="Timer" parent="."]

[node name="DirectionTimer" type="Timer" parent="."]
wait_time = 6.0

[connection signal="timeout" from="Timer" to="." method="_on_timeout"]

[editable path="Model"]
