[gd_scene load_steps=4 format=2]

[ext_resource path="res://scripts/enemies/harasser.gd" type="Script" id=1]
[ext_resource path="res://assets/models/harasser01.tscn" type="PackedScene" id=2]

[sub_resource type="BoxShape" id=1]

[node name="Harasser" type="KinematicBody" groups=["enemies"]]
collision_layer = 4
collision_mask = 5
script = ExtResource( 1 )
COOLDOWN_TIME = 1.5
PHYSICS_BONE = "root"

[node name="Model" parent="." instance=ExtResource( 2 )]

[node name="Physical Bone root" parent="Model/Armature/Skeleton" index="1"]
transform = Transform( 1, -7.32748e-15, -2.38418e-07, -5.29288e-09, 0.999755, -0.0221999, 2.3836e-07, 0.0221999, 0.999755, 1.63256e-07, 0.0152026, -0.684576 )
joint_offset = Transform( 1, 0, 0, 0, 1, 0, 0, 0, 1, -3.35751e-14, -1.3113e-06, 0.684744 )
body_offset = Transform( 1, 0, 5.47118e-13, 0, 1, 0, 3.05533e-13, 0, 1, -3.41061e-13, 1.3113e-06, -0.684745 )

[node name="Physical Bone root001" parent="Model/Armature/Skeleton" index="2"]
transform = Transform( 1, -1.06581e-13, -2.38418e-07, 2.20858e-07, 0.376677, 0.926346, 8.98068e-08, -0.926346, 0.376677, 6.10987e-08, 1.13176, -0.0661272 )
joint_offset = Transform( 1, 0, 0, 0, 1, 0, 0, 0, 1, -4.58843e-13, -6.25661e-07, 0.256265 )
body_offset = Transform( 1, -5.68434e-14, 6.53699e-13, -7.10543e-15, 1, -2.98023e-08, 3.48166e-13, 2.98023e-08, 1, 2.91323e-13, 6.33299e-07, -0.256265 )

[node name="Physical Bone root004" parent="Model/Armature/Skeleton" index="3"]
transform = Transform( 1, 1.77636e-14, 2.38418e-07, -9.24793e-08, -0.921708, 0.387887, 2.19752e-07, -0.387887, -0.921708, -1.055e-07, -0.171639, 0.407855 )
joint_offset = Transform( 1, 0, 0, 0, 1, 0, 0, 0, 1, 1.92166e-13, 1.06022e-07, 0.442499 )
body_offset = Transform( 1, 1.42109e-14, -2.41585e-13, -7.10543e-15, 1, 2.98023e-08, -2.84217e-14, -2.98023e-08, 1, -8.52651e-14, -1.19209e-07, -0.442499 )

[node name="Physical Bone root005" parent="Model/Armature/Skeleton" index="4"]
transform = Transform( 0.998879, 0.0273033, 0.038674, 0.0149341, -0.95695, 0.289871, 0.0449235, -0.288968, -0.956285, -0.00795794, -0.875357, -0.146505 )
joint_offset = Transform( 1, 0, 0, 0, 1, 0, 0, 0, 1, 4.72906e-08, -1.28064e-06, 0.205769 )
body_offset = Transform( 1, 4.42378e-08, -1.25729e-08, -1.53668e-08, 1, -1.49012e-07, -6.63567e-08, 2.98023e-07, 1, -4.47035e-08, 1.3113e-06, -0.205769 )

[node name="Physical Bone root006" parent="Model/Armature/Skeleton" index="5"]
transform = Transform( 0.998879, 0.036629, 0.0299909, 0.014934, -0.844972, 0.534604, 0.0449235, -0.533556, -0.844572, 0.0055478, -1.31093, -0.302005 )
joint_offset = Transform( 1, 0, 0, 0, 1, 0, 0, 0, 1, -2.67266e-08, 1.01586e-06, 0.189677 )
body_offset = Transform( 1, -6.98492e-09, -3.58559e-08, -2.95695e-08, 1, -3.27826e-07, -3.53903e-08, -2.98023e-07, 1, 3.35276e-08, -9.53674e-07, -0.189677 )

[node name="Physical Bone root007" parent="Model/Armature/Skeleton" index="6"]
transform = Transform( 0.998879, 0.0410663, 0.023552, 0.014934, -0.745439, 0.666407, 0.0449234, -0.665308, -0.745217, 0.0192384, -1.69682, -0.47814 )
joint_offset = Transform( 1, 0, 0, 0, 1, 0, 0, 0, 1, 1.41101e-07, 1.4914e-08, 0.250215 )
body_offset = Transform( 1, -8.3819e-09, -2.79397e-08, -3.49246e-09, 1, -5.96046e-08, -3.72529e-09, 1.49012e-07, 1, -1.3411e-07, 0, -0.250215 )

[node name="Body" type="CollisionShape" parent="."]
shape = SubResource( 1 )

[node name="Timer" type="Timer" parent="."]

[node name="DirectionTimer" type="Timer" parent="."]
wait_time = 6.0

[connection signal="timeout" from="Timer" to="." method="_on_timeout"]

[editable path="Model"]
