[gd_scene load_steps=5 format=2]

[ext_resource path="res://scripts/enemies/jelly.gd" type="Script" id=2]
[ext_resource path="res://assets/models/jellyfish.tscn" type="PackedScene" id=4]

[sub_resource type="CapsuleShape" id=1]
radius = 1.68275
height = 2.72357

[sub_resource type="SphereShape" id=4]
radius = 3.03366

[node name="Jelly" type="KinematicBody" groups=["enemies"]]
collision_layer = 4
collision_mask = 5
script = ExtResource( 2 )
ACCELERATION = 0.15
TURN_SPEED = 4.5
RAY_OFFSET = 6.5
RAY_LENGTH = 7.0
COOLDOWN_TIME = 1.0
PHYSICS_BONE = "root"
ANIM_PREFIX = "jellyfish"
ATTACK_DISTANCE = 60
PLAYER_KNOCK_BACK_SPEED = 50
KNOCK_BACK_SPEED = 0
ATTACK_ANGLE = 0.99
DRAG = 0.06

[node name="Model" parent="." instance=ExtResource( 4 )]
transform = Transform( 1, 0, 0, 0, 1, 0, 0, 0, 1, 0, 0, -4.93283 )

[node name="Physical Bone root" parent="Model/Armature/Skeleton" index="1"]
transform = Transform( 1, -1.81899e-12, 2.52724e-05, -2.52099e-05, 0.0702438, 0.99753, -1.77523e-06, -0.99753, 0.0702438, -1.47332e-05, -0.619753, 0.588078 )
joint_offset = Transform( 1, 0, 0, 0, 1, 0, 0, 0, 1, 8.84641e-13, 0, 0.582976 )
body_offset = Transform( 1, 0, 4.26326e-14, 0, 1, 0, -1.42109e-14, 0, 1, -9.09495e-13, 0, -0.582976 )

[node name="Physical Bone ribMR" parent="Model/Armature/Skeleton" index="2"]
transform = Transform( -0.0601182, 0.997705, 0.0311588, -0.0233167, -0.0326103, 0.999196, 0.997919, 0.0593433, 0.0252235, -0.026923, -0.819678, -0.555837 )
joint_offset = Transform( 1, 0, 0, 0, 1, 0, 0, 0, 1, -4.1246e-07, -2.65107e-08, 0.864057 )
body_offset = Transform( 1, 6.33299e-08, -7.45058e-08, -7.07805e-08, 1, -3.83006e-08, -7.45058e-09, 7.12462e-08, 1, 4.76837e-07, 5.96046e-08, -0.864057 )

[node name="Physical Bone ribMTR" parent="Model/Armature/Skeleton" index="3"]
transform = Transform( -0.0837996, 0.990616, -0.107962, -0.0238339, 0.10632, 0.994047, 0.996197, 0.0858736, 0.0147007, 0.0940113, -0.368034, -0.546844 )
joint_offset = Transform( 1, 0, 0, 0, 1, 0, 0, 0, 1, -4.6224e-07, 8.96098e-08, 0.870779 )
body_offset = Transform( 0.999999, -1.49012e-07, -1.67638e-08, -5.21541e-08, 0.999999, -2.32831e-10, -3.72529e-09, 7.05477e-08, 1, 4.76837e-07, -8.9407e-08, -0.870779 )

[node name="Physical Bone ribTR" parent="Model/Armature/Skeleton" index="4"]
transform = Transform( -0.0355592, 0.842087, -0.538166, 0.00278948, 0.53859, 0.842565, 0.999364, 0.0284597, -0.0215007, 0.563881, -0.143604, -0.332829 )
joint_offset = Transform( 1, 0, 0, 0, 1, 0, 0, 0, 1, -4.61042e-07, 6.5218e-07, 0.942187 )
body_offset = Transform( 1, -2.04891e-08, -1.67638e-08, 4.09782e-08, 1, 1.15822e-06, 1.86265e-08, 7.99831e-07, 1, 4.76837e-07, -1.74344e-06, -0.942187 )

[node name="Physical Bone ribMBR" parent="Model/Armature/Skeleton" index="5"]
transform = Transform( -0.0888776, 0.990617, 0.103822, -0.0238338, -0.10632, 0.994047, 0.995757, 0.085874, 0.0330597, -0.0904064, -1.37448, -0.56283 )
joint_offset = Transform( 1, 0, 0, 0, 1, 0, 0, 0, 1, -2.91952e-08, -4.05489e-09, 0.870781 )
body_offset = Transform( 1, 2.98023e-08, 3.35276e-08, -6.70552e-08, 1, 4.65661e-09, 1.11759e-08, 1.27358e-07, 1, 0, 0, -0.870781 )

[node name="Physical Bone ribBR" parent="Model/Armature/Skeleton" index="6"]
transform = Transform( -0.0319953, 0.842088, 0.53839, 0.00278933, -0.538589, 0.842564, 0.999484, 0.02846, 0.0148835, -0.450435, -1.45542, -0.367111 )
joint_offset = Transform( 1, 0, 0, 0, 1, 0, 0, 0, 1, 1.40506e-06, 1.83557e-07, 0.942185 )
body_offset = Transform( 1, 2.98023e-08, 2.70084e-08, 4.28408e-08, 1, -3.84607e-07, -3.07336e-08, 6.5763e-07, 1, -1.43051e-06, 1.78814e-07, -0.942185 )

[node name="Physical Bone ribML" parent="Model/Armature/Skeleton" index="7"]
transform = Transform( -0.060118, -0.997705, -0.0311588, 0.0233167, -0.0326103, 0.999196, -0.997919, 0.0593431, 0.0252236, 0.026923, -0.819678, -0.555838 )
joint_offset = Transform( 1, 0, 0, 0, 1, 0, 0, 0, 1, -5.09026e-07, 3.39221e-09, 0.864057 )
body_offset = Transform( 1, -7.45058e-09, 3.72529e-08, 7.45058e-09, 1, -3.84171e-08, -1.86265e-09, 3.55067e-08, 1, 4.76837e-07, 2.98023e-08, -0.864057 )

[node name="Physical Bone ribMTL" parent="Model/Armature/Skeleton" index="8"]
transform = Transform( -0.0837996, -0.990617, 0.107963, 0.0238339, 0.10632, 0.994047, -0.996198, 0.0858736, 0.0147007, -0.0940114, -0.368035, -0.546844 )
joint_offset = Transform( 1, 0, 0, 0, 1, 0, 0, 0, 1, 4.37926e-08, 1.69798e-07, 0.870779 )
body_offset = Transform( 1, 3.42727e-07, -5.02914e-08, -1.19209e-07, 1, -1.94996e-07, 2.79397e-09, 4.97093e-08, 1, 0, 0, -0.870779 )

[node name="Physical Bone ribMBL" parent="Model/Armature/Skeleton" index="9"]
transform = Transform( -0.0888775, -0.990617, -0.103822, 0.0238338, -0.10632, 0.994046, -0.995757, 0.085874, 0.0330597, 0.0904063, -1.37448, -0.562829 )
joint_offset = Transform( 1, 0, 0, 0, 1, 0, 0, 0, 1, 5.02788e-07, 1.12728e-07, 0.87078 )
body_offset = Transform( 1, -9.68575e-08, -2.98023e-08, -7.45058e-09, 1, -1.97906e-07, -1.11759e-08, 1.16415e-08, 1, -4.76837e-07, 5.96046e-08, -0.87078 )

[node name="Physical Bone ribBL" parent="Model/Armature/Skeleton" index="10"]
transform = Transform( -0.0319955, -0.842088, -0.538391, -0.00278929, -0.538589, 0.842564, -0.999484, 0.0284599, 0.0148835, 0.450435, -1.45542, -0.367109 )
joint_offset = Transform( 1, 0, 0, 0, 1, 0, 0, 0, 1, -1.49171e-08, -1.47846e-07, 0.942185 )
body_offset = Transform( 1, -5.58794e-09, 1.58325e-08, -2.6077e-08, 1, 9.36561e-08, 3.07336e-08, 3.42261e-08, 1, 0, 5.96046e-08, -0.942185 )

[node name="Physical Bone bicepTR" parent="Model/Armature/Skeleton" index="11"]
transform = Transform( -0.720953, 0.594561, -0.355982, 6.00835e-07, 0.513696, 0.857973, 0.692984, 0.618557, -0.37035, 0.356574, -0.897614, 0.999993 )
joint_offset = Transform( 1, 0, 0, 0, 1, 0, 0, 0, 1, 8.35454e-07, 3.26786e-07, 1.00166 )
body_offset = Transform( 1, 4.47035e-07, -5.96046e-07, 8.9407e-08, 1, 6.25849e-07, 4.47035e-07, -1.49012e-08, 1, -2.38419e-07, -9.53674e-07, -1.00166 )

[node name="Physical Bone forearmTR" parent="Model/Armature/Skeleton" index="12"]
transform = Transform( -0.977663, 0.0525589, -0.2035, -0.203781, 8.62178e-08, 0.979016, 0.0514563, 0.998618, 0.0107103, 1.3712, 0.124394, 1.85871 )
joint_offset = Transform( 1, 0, 0, 0, 1, 0, 0, 0, 1, 1.79432e-07, -6.5942e-09, 0.885056 )
body_offset = Transform( 1, 1.11759e-08, 6.66478e-08, 1.30385e-07, 1, 7.45058e-09, 4.4296e-08, -9.31323e-10, 1, -2.38419e-07, 0, -0.885056 )

[node name="Physical Bone middleTR" parent="Model/Armature/Skeleton" index="13"]
transform = Transform( -0.951626, 0.217021, -0.217508, -0.203003, 0.087305, 0.975278, 0.230645, 0.972255, -0.0390258, 1.39976, 0.47241, 3.6566 )
joint_offset = Transform( 1, 0, 0, 0, 1, 0, 0, 0, 1, -4.29307e-07, 2.38003e-06, 0.531611 )
body_offset = Transform( 1, 1.49012e-08, -8.9407e-08, -2.83122e-07, 1, -1.04308e-07, 2.70084e-08, 3.72529e-09, 1, 4.76837e-07, -2.32458e-06, -0.531611 )

[node name="Physical Bone indexTR" parent="Model/Armature/Skeleton" index="14"]
transform = Transform( -0.953592, 0.158745, -0.255857, -0.213551, 0.242481, 0.946361, 0.212271, 0.95708, -0.197328, 1.41743, 0.497837, 3.73866 )
joint_offset = Transform( 1, 0, 0, 0, 1, 0, 0, 0, 1, 1.26779e-06, 1.32234e-07, 0.520987 )
body_offset = Transform( 1, 0, -1.45286e-07, 1.3411e-07, 1, 8.9407e-08, -4.09782e-08, 1.49012e-07, 1, -1.19209e-06, -1.78814e-07, -0.520987 )

[node name="Physical Bone pinkyTR" parent="Model/Armature/Skeleton" index="15"]
transform = Transform( -0.91777, 0.353132, -0.181647, -0.234284, -0.112158, 0.965677, 0.320639, 0.928826, 0.185668, 1.35903, 0.59267, 3.55929 )
joint_offset = Transform( 1, 0, 0, 0, 1, 0, 0, 0, 1, 5.68384e-08, 7.50282e-07, 0.412363 )
body_offset = Transform( 1, 0, -1.37836e-07, 0, 1, 5.96046e-08, -1.15484e-07, 2.98023e-08, 1, 0, -7.7486e-07, -0.412363 )

[node name="Physical Bone thumbTR" parent="Model/Armature/Skeleton" index="16"]
transform = Transform( -0.814378, -0.533757, -0.227794, -0.460281, 0.355004, 0.813704, -0.353452, 0.767512, -0.534786, 1.37567, 0.663875, 3.85078 )
joint_offset = Transform( 1, 0, 0, 0, 1, 0, 0, 0, 1, -5.43007e-09, -3.71888e-06, 0.401873 )
body_offset = Transform( 1, 2.98023e-08, -2.83122e-07, -4.76837e-07, 1, -2.38419e-07, -5.96046e-08, -2.98023e-08, 1, 1.19209e-07, 3.8147e-06, -0.401873 )

[node name="Physical Bone bicepBR" parent="Model/Armature/Skeleton" index="17"]
transform = Transform( -0.720953, 0.594561, 0.355984, 3.54112e-07, -0.513696, 0.857972, 0.692984, 0.618558, 0.370351, -0.356574, -0.839069, 0.258063 )
joint_offset = Transform( 1, 0, 0, 0, 1, 0, 0, 0, 1, 2.6827e-07, -3.58617e-07, 1.00166 )
body_offset = Transform( 1, 2.98023e-08, -2.98023e-08, -8.9407e-08, 1, 5.96046e-07, 5.96046e-08, 7.45058e-08, 1, -2.38419e-07, -2.38419e-07, -1.00166 )

[node name="Physical Bone forearmBR" parent="Model/Armature/Skeleton" index="18"]
transform = Transform( -0.977656, 0.0525587, -0.203532, -0.203814, 3.82706e-07, 0.979008, 0.0514556, 0.998616, 0.010712, 1.37123, -1.87524, 1.85871 )
joint_offset = Transform( 1, 0, 0, 0, 1, 0, 0, 0, 1, 1.80107e-06, -7.1196e-07, 0.885054 )
body_offset = Transform( 0.999999, 3.35276e-08, 1.20082e-07, -7.45058e-08, 0.999998, -3.72529e-09, -8.35862e-08, 3.25963e-08, 0.999998, -1.90735e-06, 7.15256e-07, -0.885052 )

[node name="Physical Bone middleBR" parent="Model/Armature/Skeleton" index="19"]
transform = Transform( -0.959378, 0.217021, -0.180266, -0.203004, -0.0873047, 0.975278, 0.195918, 0.972255, 0.127814, 1.37996, -1.52724, 3.56791 )
joint_offset = Transform( 1, 0, 0, 0, 1, 0, 0, 0, 1, 1.02458e-06, -1.81963e-06, 0.531611 )
body_offset = Transform( 1, 1.19209e-07, -3.57628e-07, -7.45058e-08, 1, 1.71363e-07, -1.30385e-07, -1.49012e-07, 1, -8.34465e-07, 1.72853e-06, -0.531611 )

[node name="Physical Bone indexBR" parent="Model/Armature/Skeleton" index="20"]
transform = Transform( -0.971059, 0.158745, -0.178449, -0.21355, -0.242481, 0.946361, 0.10696, 0.95708, 0.269363, 1.3771, -1.50181, 3.49552 )
joint_offset = Transform( 1, 0, 0, 0, 1, 0, 0, 0, 1, -2.98897e-06, 1.13249e-06, 0.520987 )
body_offset = Transform( 1, 2.75671e-07, 1.67638e-08, 8.19564e-08, 1, 0, 4.4331e-07, -2.98023e-08, 1, 2.98023e-06, -1.13249e-06, -0.520987 )

[node name="Physical Bone pinkyBR" parent="Model/Armature/Skeleton" index="21"]
transform = Transform( -0.898976, 0.353132, -0.259116, -0.234285, 0.112158, 0.965677, 0.370072, 0.928826, -0.0180941, 1.39098, -1.40698, 3.64332 )
joint_offset = Transform( 1, 0, 0, 0, 1, 0, 0, 0, 1, -7.73786e-07, -4.37666e-07, 0.412363 )
body_offset = Transform( 1, 2.08616e-07, -1.47149e-07, -1.07288e-06, 1, -9.49949e-08, -3.06871e-07, 1.09896e-07, 1, 8.34465e-07, 4.76837e-07, -0.412363 )

[node name="Physical Bone thumbBR" parent="Model/Armature/Skeleton" index="22"]
transform = Transform( -0.614792, -0.533757, -0.580633, -0.460282, -0.355003, 0.813704, -0.640446, 0.767513, -0.0274248, 1.51747, -1.33577, 3.64688 )
joint_offset = Transform( 1, 0, 0, 0, 1, 0, 0, 0, 1, 6.10548e-07, -5.71154e-07, 0.401873 )
body_offset = Transform( 1, -5.06639e-07, -1.84402e-07, 2.38419e-07, 1, 2.34693e-07, -1.67638e-08, -1.8999e-07, 1, -5.36442e-07, 4.76837e-07, -0.401873 )

[node name="Physical Bone bicepTL" parent="Model/Armature/Skeleton" index="23"]
transform = Transform( -0.720953, -0.594562, 0.355983, -2.60812e-08, 0.513696, 0.857972, -0.692984, 0.618557, -0.37035, -0.356573, -0.897614, 0.999993 )
joint_offset = Transform( 1, 0, 0, 0, 1, 0, 0, 0, 1, 9.53674e-07, 1.38573e-06, 1.00166 )
body_offset = Transform( 1, 2.98023e-08, 0, 5.06639e-07, 1, 4.47035e-08, -2.98023e-08, 0, 1, -9.53674e-07, -1.43051e-06, -1.00166 )

[node name="Physical Bone forearmTL" parent="Model/Armature/Skeleton" index="24"]
transform = Transform( -0.977662, -0.0525589, 0.2035, 0.203781, 1.61642e-07, 0.979016, -0.0514562, 0.998616, 0.0107104, -1.3712, 0.124396, 1.85871 )
joint_offset = Transform( 1, 0, 0, 0, 1, 0, 0, 0, 1, 9.76602e-07, 9.42961e-07, 0.885055 )
body_offset = Transform( 0.999999, -3.72529e-09, -2.95287e-07, -2.98023e-08, 0.999998, 1.21072e-08, -5.54719e-08, -1.67638e-08, 0.999999, -7.15256e-07, -9.53674e-07, -0.885054 )

[node name="Physical Bone middleTL" parent="Model/Armature/Skeleton" index="25"]
transform = Transform( -0.951626, -0.217021, 0.217508, 0.203003, 0.0873049, 0.975279, -0.230646, 0.972255, -0.0390256, -1.39976, 0.472411, 3.6566 )
joint_offset = Transform( 1, 0, 0, 0, 1, 0, 0, 0, 1, 2.37428e-07, 3.59608e-07, 0.53161 )
body_offset = Transform( 1, 0, 1.86265e-09, -1.49012e-08, 1, -3.72529e-09, -3.11993e-07, -7.07805e-08, 1, -2.38419e-07, -3.57628e-07, -0.53161 )

[node name="Physical Bone indexTL" parent="Model/Armature/Skeleton" index="26"]
transform = Transform( -0.953591, -0.158746, 0.255857, 0.213551, 0.242481, 0.946361, -0.212271, 0.95708, -0.197328, -1.41743, 0.497837, 3.73866 )
joint_offset = Transform( 1, 0, 0, 0, 1, 0, 0, 0, 1, -2.50064e-07, 7.38546e-07, 0.520987 )
body_offset = Transform( 0.999999, 8.9407e-08, 2.23517e-08, 1.78814e-07, 1, -4.47035e-08, 3.35276e-08, -7.45058e-08, 1, 2.38419e-07, -7.15256e-07, -0.520987 )

[node name="Physical Bone pinkyTL" parent="Model/Armature/Skeleton" index="27"]
transform = Transform( -0.91777, -0.353132, 0.181647, 0.234284, -0.112158, 0.965676, -0.320639, 0.928826, 0.185668, -1.35904, 0.592669, 3.55929 )
joint_offset = Transform( 1, 0, 0, 0, 1, 0, 0, 0, 1, -4.81446e-07, -9.64731e-08, 0.412364 )
body_offset = Transform( 1, -2.08616e-07, 1.11759e-08, -3.8743e-07, 1, 8.9407e-08, 5.96046e-08, -1.19209e-07, 0.999999, 4.76837e-07, 5.96046e-08, -0.412364 )

[node name="Physical Bone thumbTL" parent="Model/Armature/Skeleton" index="28"]
transform = Transform( -0.814379, 0.533757, 0.227795, 0.460281, 0.355002, 0.813704, 0.353452, 0.767512, -0.534786, -1.37568, 0.663874, 3.85077 )
joint_offset = Transform( 1, 0, 0, 0, 1, 0, 0, 0, 1, 1.4971e-07, 5.12768e-07, 0.401873 )
body_offset = Transform( 1, -3.8743e-07, -3.72529e-07, -1.19209e-07, 0.999999, -8.9407e-08, 7.45058e-08, -1.04308e-06, 1, 0, -4.76837e-07, -0.401873 )

[node name="Physical Bone bicepBL" parent="Model/Armature/Skeleton" index="29"]
transform = Transform( -0.720953, -0.594561, -0.355983, -9.71487e-07, -0.513697, 0.857973, -0.692984, 0.618557, 0.37035, 0.356574, -0.839069, 0.258063 )
joint_offset = Transform( 1, 0, 0, 0, 1, 0, 0, 0, 1, 3.95772e-10, 5.93078e-08, 1.00166 )
body_offset = Transform( 1, 2.08616e-07, -2.38419e-07, 1.10269e-06, 1, 1.78814e-07, -5.96046e-08, -1.38581e-06, 1, 2.38419e-07, -2.38419e-07, -1.00166 )

[node name="Physical Bone forearmBL" parent="Model/Armature/Skeleton" index="30"]
transform = Transform( -0.977657, -0.0525587, 0.203532, 0.203814, 2.91155e-07, 0.97901, -0.0514556, 0.998618, 0.010712, -1.37123, -1.87524, 1.85871 )
joint_offset = Transform( 1, 0, 0, 0, 1, 0, 0, 0, 1, 1.05619e-06, -5.76991e-09, 0.885054 )
body_offset = Transform( 1, 8.56817e-08, 1.88593e-08, 1.49012e-08, 1, 6.51926e-09, 1.25612e-07, 5.58794e-09, 1, -1.07288e-06, 0, -0.885054 )

[node name="Physical Bone middleBL" parent="Model/Armature/Skeleton" index="31"]
transform = Transform( -0.959378, -0.217021, 0.180267, 0.203004, -0.0873047, 0.975278, -0.195918, 0.972255, 0.127814, -1.37996, -1.52723, 3.56791 )
joint_offset = Transform( 1, 0, 0, 0, 1, 0, 0, 0, 1, -1.88138e-08, -7.12944e-08, 0.53161 )
body_offset = Transform( 1, 1.04308e-07, 3.53903e-08, 2.5332e-07, 1, 1.3411e-07, -2.6077e-08, -1.49012e-08, 1, 0, 0, -0.53161 )

[node name="Physical Bone indexBL" parent="Model/Armature/Skeleton" index="32"]
transform = Transform( -0.971059, -0.158745, 0.178449, 0.21355, -0.242481, 0.946361, -0.10696, 0.95708, 0.269363, -1.3771, -1.50181, 3.49552 )
joint_offset = Transform( 1, 0, 0, 0, 1, 0, 0, 0, 1, -4.26679e-07, 2.31906e-06, 0.520987 )
body_offset = Transform( 1, -6.70552e-08, 3.61353e-07, -9.68575e-08, 1, -4.47035e-07, -1.19209e-07, 3.27826e-07, 1, 2.38419e-07, -2.08616e-06, -0.520987 )

[node name="Physical Bone pinkyBL" parent="Model/Armature/Skeleton" index="33"]
transform = Transform( -0.898975, -0.353133, 0.259116, 0.234284, 0.112158, 0.965677, -0.370073, 0.928826, -0.0180938, -1.39098, -1.40698, 3.64332 )
joint_offset = Transform( 1, 0, 0, 0, 1, 0, 0, 0, 1, 1.12124e-06, -1.36307e-06, 0.412366 )
body_offset = Transform( 1, 6.85453e-07, 1.71829e-07, 2.98023e-07, 1, 2.70084e-07, 4.52623e-07, 2.79397e-07, 1, -1.19209e-06, 1.2517e-06, -0.412366 )

[node name="Physical Bone thumbBL" parent="Model/Armature/Skeleton" index="34"]
transform = Transform( -0.614792, 0.533757, 0.580633, 0.460281, -0.355003, 0.813704, 0.640447, 0.767513, -0.0274261, -1.51747, -1.33577, 3.64688 )
joint_offset = Transform( 1, 0, 0, 0, 1, 0, 0, 0, 1, -2.93164e-07, 1.02291e-06, 0.401873 )
body_offset = Transform( 1, 0, -6.0536e-07, 8.9407e-08, 1, -7.65547e-07, 3.72529e-08, -1.11759e-08, 1, 5.36442e-07, -7.15256e-07, -0.401873 )

[node name="Body" type="CollisionShape" parent="."]
transform = Transform( 1, 0, 0, 0, 1, 0, 0, 0, 1, 0, 0, -2.2284 )
shape = SubResource( 1 )

[node name="AttackHitbox" type="Area" parent="."]
transform = Transform( 1, 0, 0, 0, 1, 0, 0, 0, 1, 0, 0, -4.78902 )
collision_layer = 0
collision_mask = 34

[node name="CollisionShape" type="CollisionShape" parent="AttackHitbox"]
transform = Transform( 1, 0, 0, 0, 1, 0, 0, 0, 0.25, -0.032145, 0, -0.104353 )
shape = SubResource( 4 )

[node name="Timer" type="Timer" parent="."]
one_shot = true

[node name="Light" type="OmniLight" parent="."]
transform = Transform( 1, 0, 0, 0, 1, 0, 0, 0, 1, 0, 0, -5.82034 )
light_color = Color( 0.878431, 0.984314, 1, 1 )
shadow_enabled = true
omni_range = 13.9
omni_attenuation = 1.46409
omni_shadow_mode = 0

[node name="NegLight" type="OmniLight" parent="."]
transform = Transform( 1, 0, 0, 0, 1, 0, 0, 0, 1, 0, 0, -2.528 )
light_color = Color( 0.901961, 1, 0.666667, 1 )
light_energy = 0.77
light_indirect_energy = 0.39
light_negative = true
light_specular = 0.0
shadow_color = Color( 1, 1, 1, 1 )
omni_range = 13.9
omni_attenuation = 1.46409
omni_shadow_mode = 0

[connection signal="area_entered" from="AttackHitbox" to="." method="_on_hit_attack"]
[connection signal="body_entered" from="AttackHitbox" to="." method="_on_hit_player"]
[connection signal="timeout" from="Timer" to="." method="_on_timeout"]

[editable path="Model"]
