[gd_scene load_steps=7 format=2]

[ext_resource path="res://assets/models/maceguard.tscn" type="PackedScene" id=1]
[ext_resource path="res://scripts/enemies/melee_enemy.gd" type="Script" id=2]
[ext_resource path="res://scenes/other/Halo/Halo.tscn" type="PackedScene" id=3]

[sub_resource type="Animation" id=3]
length = 0.001
tracks/0/type = "value"
tracks/0/path = NodePath("../AttackHitbox/CollisionShape:disabled")
tracks/0/interp = 1
tracks/0/loop_wrap = true
tracks/0/imported = false
tracks/0/enabled = true
tracks/0/keys = {
"times": PoolRealArray( 0 ),
"transitions": PoolRealArray( 1 ),
"update": 0,
"values": [ true ]
}
tracks/1/type = "value"
tracks/1/path = NodePath("..:attack_boost")
tracks/1/interp = 1
tracks/1/loop_wrap = true
tracks/1/imported = false
tracks/1/enabled = true
tracks/1/keys = {
"times": PoolRealArray( 0 ),
"transitions": PoolRealArray( 1 ),
"update": 0,
"values": [ 1.0 ]
}

[sub_resource type="CapsuleShape" id=1]
radius = 1.44497
height = 1.82536

[sub_resource type="BoxShape" id=2]
extents = Vector3( 0.989592, 0.938066, 1.44272 )

[node name="MaceGuard" type="KinematicBody" groups=["enemies"]]
collision_layer = 4
collision_mask = 5
script = ExtResource( 2 )
ATTACK_TIME = 4.0
COOLDOWN_TIME = 2.0
EXTRA_LIFE = 0.5
PHYSICS_BONE = "spine"
ANIM_PREFIX = "mace"
ATTACK_ANIM_SPEED = 1.5
ATTACK_DISTANCE = 40

[node name="Model" parent="." instance=ExtResource( 1 )]

[node name="Physical Bone root" parent="Model/Armature/Skeleton" index="1"]
transform = Transform( 0.983613, -0.05086, 0.172968, 0.0196235, 0.983887, 0.177711, -0.17922, -0.171405, 0.968762, -0.0761668, -0.531953, -0.380457 )
collision_layer = 0
collision_mask = 35
joint_offset = Transform( 1, 0, 0, 0, 1, 0, 0, 0, 1, 1.19209e-07, -1.07102e-07, 0.440352 )
body_offset = Transform( 0.983613, -0.05086, 0.172968, 0.049032, 0.998687, 0.0148271, -0.173496, -0.00610317, 0.984815, -0.0761669, -0.00652903, -0.433665 )

[node name="Physical Bone spine" parent="Model/Armature/Skeleton" index="2"]
transform = Transform( 0.912242, 0.0231234, 0.408999, 0.02291, 0.993963, -0.107294, -0.409011, 0.107248, 0.906205, -0.174759, 0.435464, -0.384578 )
collision_layer = 0
collision_mask = 35
joint_offset = Transform( 1, 0, 0, 0, 1, 0, 0, 0, 1, 0.0424357, 0.0141002, 0.331838 )
body_offset = Transform( 0.912242, 0.0231234, 0.408999, -0.0596256, 0.995268, 0.0767213, -0.40529, -0.0943754, 0.909304, -0.174759, -0.0369622, -0.283212 )

[node name="Physical Bone neck" parent="Model/Armature/Skeleton" index="3"]
transform = Transform( 0.912242, 0.328311, 0.245004, 0.0229098, 0.556254, -0.830696, -0.409011, 0.763408, 0.499917, -0.145324, 1.45109, -0.26204 )
collision_layer = 0
collision_mask = 35
joint_offset = Transform( 1, 0, 0, 0, 1, 0, 0, 0, 1, 0.00358874, 0.0500507, 0.512718 )
body_offset = Transform( 0.912242, 0.328311, 0.245004, -0.348916, 0.936084, 0.0447701, -0.214646, -0.126327, 0.968488, -0.145324, -0.068554, -0.489468 )

[node name="Physical Bone shoulderR" parent="Model/Armature/Skeleton" index="4"]
transform = Transform( 0.513364, -0.413445, 0.75201, 0.805119, -0.0712877, -0.588812, 0.297051, 0.907733, 0.296277, -0.414248, 1.35057, -0.170104 )
collision_layer = 0
collision_mask = 35
joint_offset = Transform( 1, 0, 0, 0, 1, 0, 0, 0, 1, 0.0329075, 0.0325018, 0.546259 )
body_offset = Transform( 0.913982, 0.404207, -0.0353953, -0.384071, 0.833707, -0.396763, -0.130865, 0.376229, 0.917238, -0.0238794, 0.202277, -0.508971 )

[node name="Physical Bone bicepR" parent="Model/Armature/Skeleton" index="5"]
transform = Transform( -0.567607, -0.724838, 0.390424, 0.595759, -0.688917, -0.412874, 0.568236, -0.00175257, 0.822863, -1.4477, 0.759246, 0.264561 )
collision_layer = 0
collision_mask = 35
joint_offset = Transform( 1, 0, 0, 0, 1, 0, 0, 0, 1, -0.0671052, -0.532698, 0.415548 )
body_offset = Transform( 0.873111, 0.141892, 0.466415, -0.397127, 0.761935, 0.511611, -0.282783, -0.631919, 0.721603, -0.0596419, 0.166633, -0.655459 )

[node name="Physical Bone forearmR" parent="Model/Armature/Skeleton" index="6"]
transform = Transform( -0.566082, -0.812141, -0.14134, 0.48391, -0.188576, -0.854557, 0.667369, -0.552144, 0.499753, -1.57184, -0.0904211, 0.320319 )
collision_layer = 0
collision_mask = 35
joint_offset = Transform( 1, 0, 0, 0, 1, 0, 0, 0, 1, 0.0274673, -0.755524, -0.0520002 )
body_offset = Transform( 0.895963, -0.425914, 0.125885, 0.214435, 0.663065, 0.71719, -0.388932, -0.615581, 0.685412, -0.339852, 0.532366, -0.418762 )

[node name="Physical Bone handR" parent="Model/Armature/Skeleton" index="7"]
transform = Transform( -0.591845, -0.459385, -0.662332, 0.767277, -0.0692912, -0.637561, 0.246992, -0.885529, 0.393485, -1.48216, 0.155801, -0.388224 )
collision_layer = 0
collision_mask = 35
joint_offset = Transform( 1, 0, 0, 0, 1, 0, 0, 0, 1, -0.0661696, -1.03394, 0.794742 )
body_offset = Transform( 0.632741, -0.720797, 0.283, -0.048801, 0.327618, 0.943548, -0.772824, -0.610833, 0.172122, -0.928306, -0.414369, -0.819496 )

[node name="Physical Bone FingerR" parent="Model/Armature/Skeleton" index="8"]
transform = Transform( 0.528191, -0.802153, 0.2785, 0.725953, 0.25646, -0.638136, 0.44046, 0.539237, 0.717787, -1.86187, 0.0847818, -0.790025 )
collision_layer = 0
collision_mask = 35
joint_offset = Transform( 1, 0, 0, 0, 1, 0, 0, 0, 1, 0.240327, 0.669833, 1.639 )
body_offset = Transform( 0.742012, 0.236513, -0.627278, 0.559039, 0.298116, 0.773695, 0.36999, -0.924763, 0.0889853, 0.691362, -1.60213, 0.384671 )

[node name="Physical Bone shoulderL" parent="Model/Armature/Skeleton" index="9"]
transform = Transform( 0.0436958, 0.988409, -0.145391, -0.752563, -0.0631492, -0.655484, -0.657068, 0.138057, 0.741082, 0.0378884, 1.38599, -0.392698 )
collision_layer = 0
collision_mask = 35
joint_offset = Transform( 1, 0, 0, 0, 1, 0, 0, 0, 1, -0.0295464, 0.0420696, 0.537719 )
body_offset = Transform( 0.972411, 0.231554, -0.0282739, -0.206717, 0.911519, 0.355528, 0.108095, -0.339875, 0.934238, 0.0341933, -0.235629, -0.484865 )

[node name="Physical Bone bicepL" parent="Model/Armature/Skeleton" index="10"]
transform = Transform( 0.650594, 0.283781, -0.704413, -0.634295, -0.307011, -0.709515, -0.417611, 0.908412, -0.0197374, 1.23781, 1.34571, 0.145816 )
collision_layer = 0
collision_mask = 35
joint_offset = Transform( 1, 0, 0, 0, 1, 0, 0, 0, 1, -0.148433, 0.410173, 0.562708 )
body_offset = Transform( 0.999315, 0.0351433, 0.0116387, -0.0368714, 0.973078, 0.227508, -0.00333182, -0.227781, 0.973706, 0.127367, -0.532624, -0.454977 )

[node name="Physical Bone forearmL" parent="Model/Armature/Skeleton" index="11"]
transform = Transform( 0.736082, -0.655236, -0.169858, 0.672657, 0.68004, 0.291686, -0.0756135, -0.328961, 0.941312, 0.812663, -0.167189, 1.3631 )
collision_layer = 0
collision_mask = 35
joint_offset = Transform( 1, 0, 0, 0, 1, 0, 0, 0, 1, 0.580388, 0.425815, 0.138776 )
body_offset = Transform( 0.520729, -0.836752, 0.169379, 0.795415, 0.547584, 0.259747, -0.310093, -0.000531346, 0.950707, 0.030571, -0.730865, 0.0482652 )

[node name="Physical Bone handL" parent="Model/Armature/Skeleton" index="12"]
transform = Transform( 0.682537, 0.681522, 0.263958, -0.691344, 0.719198, -0.069259, -0.23704, -0.135213, 0.962045, 0.621609, 1.2029, 2.34186 )
collision_layer = 0
collision_mask = 35
joint_offset = Transform( 1, 0, 0, 0, 1, 0, 0, 0, 1, 0.476475, 0.53413, -0.876918 )
body_offset = Transform( 0.772013, 0.0938606, 0.628639, -0.105483, 0.994242, -0.0189062, -0.626794, -0.0517149, 0.777468, 0.133286, -0.497374, 1.00805 )

[node name="Physical Bone FingerL" parent="Model/Armature/Skeleton" index="13"]
transform = Transform( 0.756751, -0.651949, 0.0478871, 0.22365, 0.189373, -0.956097, 0.614257, 0.734237, 0.289115, 0.919168, 1.60119, 2.42846 )
collision_layer = 0
collision_mask = 35
joint_offset = Transform( 1, 0, 0, 0, 1, 0, 0, 0, 1, -0.420182, -1.10273, -0.330079 )
body_offset = Transform( 0.819903, 0.432887, -0.374662, -0.53016, 0.821101, -0.211487, 0.216084, 0.372029, 0.90272, 0.698198, 0.612881, 0.799011 )

[node name="Physical Bone ribsr" parent="Model/Armature/Skeleton" index="14"]
transform = Transform( 0.803057, -0.359409, 0.475315, 0.517552, 0.0253138, -0.855278, 0.295363, 0.932835, 0.206341, -0.294865, 0.86311, -0.212926 )
collision_layer = 0
collision_mask = 35
joint_offset = Transform( 1, 0, 0, 0, 1, 0, 0, 0, 1, 0.0382341, -0.0117111, 0.546905 )
body_offset = Transform( 0.938894, 0.337156, -0.069308, -0.344086, 0.92466, -0.163115, 0.00909084, 0.176995, 0.98417, 0.00595562, 0.113193, -0.536522 )

[node name="Physical Bone ribsl" parent="Model/Armature/Skeleton" index="15"]
transform = Transform( 0.532369, 0.787564, -0.310368, -0.537623, 0.0313592, -0.842601, -0.653869, 0.615436, 0.440108, 0.118564, 0.855403, -0.336941 )
collision_layer = 0
collision_mask = 35
joint_offset = Transform( 1, 0, 0, 0, 1, 0, 0, 0, 1, 0.0186154, 0.0388084, 0.51242 )
body_offset = Transform( 0.994678, 0.0996374, 0.0262285, -0.102082, 0.987526, 0.119888, -0.0139568, -0.121927, 0.992441, -0.0358231, -0.097857, -0.503555 )

[node name="Physical Bone tail" parent="Model/Armature/Skeleton" index="16"]
transform = Transform( -0.955024, -0.00861492, 0.296406, 0.256769, -0.524019, 0.812079, 0.148328, 0.851665, 0.502668, -0.0713883, -0.649284, -0.0749264 )
collision_layer = 0
collision_mask = 35
joint_offset = Transform( 1, 0, 0, 0, 1, 0, 0, 0, 1, -1.09896e-07, -6.85453e-07, 0.240846 )
body_offset = Transform( 0.961911, 0.0570112, -0.267354, -0.213227, 0.768489, -0.603288, 0.171065, 0.637317, 0.751374, 0.0643913, 0.1453, -0.180965 )

[node name="Physical Bone tail001" parent="Model/Armature/Skeleton" index="17"]
transform = Transform( -0.979295, 0.00997421, 0.202192, 0.0650687, -0.930275, 0.361045, 0.191696, 0.366724, 0.910371, -0.0482319, -0.884479, 0.369062 )
collision_layer = 0
collision_mask = 35
joint_offset = Transform( 1, 0, 0, 0, 1, 0, 0, 0, 1, -0.0898703, -0.0376182, -0.151525 )
body_offset = Transform( 0.987615, 0.00180246, -0.156881, -0.0405852, 0.968832, -0.244365, 0.151551, 0.247705, 0.956908, 0.0650536, -0.00422925, 0.167934 )

[node name="Physical Bone tail002" parent="Model/Armature/Skeleton" index="18"]
transform = Transform( -0.992496, -0.0839923, 0.0888612, 0.0804376, -0.995839, -0.0428614, 0.0920916, -0.0353956, 0.995126, -0.0727408, -1.15271, 0.434763 )
collision_layer = 0
collision_mask = 35
joint_offset = Transform( 1, 0, 0, 0, 1, 0, 0, 0, 1, -0.103637, 0.0572521, -0.186189 )
body_offset = Transform( 0.995329, 0.0871642, -0.0415021, -0.0896093, 0.994093, -0.0612319, 0.0359198, 0.0646648, 0.99726, 0.0904356, -0.0776014, 0.185699 )

[node name="Physical Bone tail003" parent="Model/Armature/Skeleton" index="19"]
transform = Transform( -0.882874, -0.469558, 0.00693707, 0.16625, -0.326335, -0.93052, 0.439198, -0.820384, 0.366176, -0.0708525, -1.55883, 0.527067 )
collision_layer = 0
collision_mask = 35
joint_offset = Transform( 1, 0, 0, 0, 1, 0, 0, 0, 1, -0.218121, 0.239099, -0.0987391 )
body_offset = Transform( 0.89681, 0.441475, 0.0288134, -0.349046, 0.666027, 0.659222, 0.271839, -0.601255, 0.751396, 0.0929017, -0.170289, 0.277245 )

[node name="Physical Bone tail004" parent="Model/Armature/Skeleton" index="20"]
transform = Transform( -0.733526, -0.534926, -0.419277, 0.352419, 0.228129, -0.907611, 0.581159, -0.813522, 0.0211761, -0.144955, -1.52198, 0.383005 )
collision_layer = 0
collision_mask = 35
joint_offset = Transform( 1, 0, 0, 0, 1, 0, 0, 0, 1, -0.418262, 0.106111, 0.22974 )
body_offset = Transform( 0.745741, 0.496413, 0.444346, -0.621805, 0.279114, 0.731747, 0.239226, -0.821991, 0.516818, 0.157156, -0.457806, 0.0685479 )

[node name="Physical Bone riblowerr" parent="Model/Armature/Skeleton" index="21"]
transform = Transform( -0.985234, -0.0877075, 0.147041, 0.125117, 0.217423, 0.968023, -0.116873, 0.972128, -0.203239, -0.0780621, -0.96761, 0.154036 )
collision_layer = 0
collision_mask = 35
joint_offset = Transform( 1, 0, 0, 0, 1, 0, 0, 0, 1, 1.41561e-07, -2.01166e-07, 0.530889 )
body_offset = Transform( 0.947983, -0.314047, -0.05199, 0.310466, 0.948233, -0.066819, 0.0702831, 0.047202, 0.996408, 0.0276007, 0.0354736, -0.528982 )

[node name="Physical Bone bottomrib" parent="Model/Armature/Skeleton" index="22"]
transform = Transform( -0.996048, 0.0872258, 0.0167219, -0.00428025, -0.235206, 0.971936, 0.0887108, 0.968024, 0.234649, -0.00662373, -0.838696, -0.0468091 )
collision_layer = 0
collision_mask = 35
joint_offset = Transform( 1, 0, 0, 0, 1, 0, 0, 0, 1, 2.23517e-08, -2.59097e-07, 0.396115 )
body_offset = Transform( 0.996048, -0.0872258, -0.016722, 0.0872165, 0.996189, -0.00127484, 0.0167695, -0.000188485, 0.999859, 0.00662379, 0.000505239, -0.396059 )

[node name="Physical Bone riblowerl" parent="Model/Armature/Skeleton" index="23"]
transform = Transform( -0.892, 0.43561, -0.120753, -0.0319062, 0.205794, 0.978073, 0.45091, 0.876295, -0.169669, 0.0641065, -0.972946, 0.136214 )
collision_layer = 0
collision_mask = 35
joint_offset = Transform( 1, 0, 0, 0, 1, 0, 0, 0, 1, -1.02445e-07, 3.32482e-07, 0.53089 )
body_offset = Transform( 0.998218, -0.0428283, 0.0415748, 0.0438638, 0.998741, -0.0243382, -0.0404801, 0.0261183, 0.998837, -0.0220715, 0.0129206, -0.530272 )

[node name="BoneAttachment" parent="Model/Armature/Skeleton" index="24"]
transform = Transform( 0.756828, 0.60061, -0.257836, -0.509761, 0.789291, 0.34229, 0.40909, -0.12762, 0.903525, 1.07937, 1.31837, 1.31306 )

[node name="RemoteTransform" parent="Model/Armature/Skeleton/BoneAttachment" index="0"]
remote_path = NodePath("../../../../../AttackHitbox")

[node name="AnimationPlayer" parent="Model" index="1"]
autoplay = "mace_idle"
anims/RESET = SubResource( 3 )

[node name="Body" type="CollisionShape" parent="."]
transform = Transform( 1, 0, 0, 0, -4.37114e-08, -1, 0, 1, -4.37114e-08, 0, 0, 0 )
shape = SubResource( 1 )

[node name="Timer" type="Timer" parent="."]

[node name="AttackHitbox" type="Area" parent="."]
transform = Transform( -0.756828, -0.60061, 0.257836, -0.509761, 0.789291, 0.34229, -0.40909, 0.12762, -0.903525, -1.07937, 1.31837, -0.879582 )
collision_layer = 0
collision_mask = 34

[node name="CollisionShape" type="CollisionShape" parent="AttackHitbox"]
transform = Transform( 0.714082, 0.16326, 0.680759, 2.98023e-08, 0.972426, -0.233208, -0.700062, 0.16653, 0.694392, -2.24374, 0.806482, -2.54596 )
shape = SubResource( 2 )
disabled = true

[node name="Halo" parent="." instance=ExtResource( 3 )]
transform = Transform( 1, 0, 0, 0, 1, 0, 0, 0, 1, 0.156418, 1.75756, -0.420025 )

[connection signal="timeout" from="Timer" to="." method="_on_timeout"]
[connection signal="area_entered" from="AttackHitbox" to="." method="_on_hit_attack"]
[connection signal="body_entered" from="AttackHitbox" to="." method="_on_hit_player"]

[editable path="Model"]
