[gd_scene load_steps=8 format=2]

[ext_resource path="res://assets/models/rangedbasic.tscn" type="PackedScene" id=1]
[ext_resource path="res://scripts/enemies/rangedbasic.gd" type="Script" id=2]
[ext_resource path="res://scenes/enemies/attacks/test_bullet_spawner.tscn" type="PackedScene" id=3]
[ext_resource path="res://assets/models/rangedbasic_melee.anim" type="Animation" id=4]

[sub_resource type="Animation" id=34]
resource_name = "RESET"
tracks/0/type = "value"
tracks/0/path = NodePath("../AttackHitbox/CollisionShape:disabled")
tracks/0/interp = 1
tracks/0/loop_wrap = true
tracks/0/imported = false
tracks/0/enabled = true
tracks/0/keys = {
"times": PoolRealArray( 0 ),
"transitions": PoolRealArray( 1 ),
"update": 1,
"values": [ true ]
}
tracks/1/type = "value"
tracks/1/path = NodePath("../AttackHitbox/CollisionShape2:disabled")
tracks/1/interp = 1
tracks/1/loop_wrap = true
tracks/1/imported = false
tracks/1/enabled = true
tracks/1/keys = {
"times": PoolRealArray( 0 ),
"transitions": PoolRealArray( 1 ),
"update": 1,
"values": [ true ]
}

[sub_resource type="CapsuleShape" id=1]
radius = 1.58911
height = 3.57322

[sub_resource type="BoxShape" id=33]
extents = Vector3( 1.19948, 1.91256, 1.27611 )

[node name="RangedBasic" type="KinematicBody" groups=["enemies"]]
collision_layer = 4
collision_mask = 5
script = ExtResource( 2 )
SPEED = 40.0
ATTACK_TIME = 3.0
PHYSICS_BONE = "spine"
ANIM_PREFIX = "rangedbasic"
ATTACK_ANIM_SPEED = 1.5
ATTACK_DISTANCE = 15
ATTACK_ANGLE = 0.8

[node name="Model" parent="." instance=ExtResource( 1 )]

[node name="Physical Bone root" parent="Model/Armature/Skeleton" index="1"]
transform = Transform( 0.99958, 0.00739473, 0.028042, 0.00358743, 0.927991, -0.372589, -0.0287779, 0.372533, 0.927574, -0.0237567, 0.583536, -0.766689 )
joint_offset = Transform( 1, 0, 0, 0, 1, 0, 0, 0, 1, 1.11759e-08, -8.9407e-08, 0.847181 )
body_offset = Transform( 0.99958, 0.00739469, 0.0280418, -0.00300513, 0.988152, -0.153457, -0.0288443, 0.153308, 0.987759, -0.0237565, 0.130006, -0.836811 )
gravity_scale = 0.0

[node name="Physical Bone spine" parent="Model/Armature/Skeleton" index="2"]
transform = Transform( 0.999578, 0.00891947, 0.0276203, -0.00599701, 0.994544, -0.104137, -0.0283985, 0.103928, 0.994179, -0.00655791, 1.90893, -0.00567919 )
joint_offset = Transform( 1, 0, 0, 0, 1, 0, 0, 0, 1, -0.00507464, 0.0518933, 0.404323 )
body_offset = Transform( 0.999578, 0.00891943, 0.0276201, -0.00458291, 0.988175, -0.153257, -0.0286605, 0.153066, 0.9878, -0.00655781, 0.0106624, -0.407479 )
gravity_scale = 0.0

[node name="Physical Bone neck" parent="Model/Armature/Skeleton" index="3"]
transform = Transform( 0.999877, 0.0143543, -0.00637207, -0.00603204, 0.725616, 0.688073, 0.0145006, -0.68795, 0.725615, 0.0513598, 2.66188, 0.288766 )
joint_offset = Transform( 1, 0, 0, 0, 1, 0, 0, 0, 1, -0.0541288, 0.3835, 0.430393 )
body_offset = Transform( 0.999877, 0.0143543, -0.00637231, -0.0150201, 0.992542, -0.120978, 0.00458831, 0.121058, 0.992636, 0.0513599, -0.329385, -0.473401 )
gravity_scale = 0.0

[node name="Physical Bone shoulderL" parent="Model/Armature/Skeleton" index="4"]
transform = Transform( 0.0962584, -0.97156, -0.216349, 0.965081, 0.037899, 0.259194, -0.243623, -0.233743, 0.941282, 0.212619, 2.97837, 0.11557 )
joint_offset = Transform( 1, 0, 0, 0, 1, 0, 0, 0, 1, 0.174965, 0.16473, 0.320851 )
body_offset = Transform( 0.992308, -0.00510799, -0.123688, -0.00887569, 0.993642, -0.112241, 0.123475, 0.112476, 0.985953, -0.133092, -0.126117, -0.356476 )
gravity_scale = 0.0

[node name="Physical Bone bicepL" parent="Model/Armature/Skeleton" index="5"]
transform = Transform( -0.767928, -0.61777, -0.169252, 0.32017, -0.59906, 0.733906, -0.554777, 0.509399, 0.657826, -1.19208, 2.91805, -0.0754871 )
joint_offset = Transform( 1, 0, 0, 0, 1, 0, 0, 0, 1, 0.254042, -0.132014, 0.215493 )
body_offset = Transform( 0.929746, -0.293947, -0.221737, 0.256395, 0.949076, -0.183075, 0.264261, 0.113361, 0.957766, -0.227217, 0.0996074, -0.25856 )
gravity_scale = 0.0

[node name="Physical Bone forearmL" parent="Model/Armature/Skeleton" index="6"]
transform = Transform( -0.776342, -0.625648, -0.0765456, 0.582808, -0.666268, -0.465212, 0.24006, -0.405776, 0.881883, -2.28032, 2.75172, 0.358078 )
joint_offset = Transform( 1, 0, 0, 0, 1, 0, 0, 0, 1, -0.159831, 0.465299, 0.0600292 )
body_offset = Transform( 0.89027, 0.0636065, -0.45097, -0.141149, 0.97998, -0.140424, 0.43301, 0.188669, 0.881423, 0.139768, -0.470114, -0.0714902 )
gravity_scale = 0.0

[node name="Physical Bone thumbL" parent="Model/Armature/Skeleton" index="7"]
transform = Transform( -0.551739, -0.469661, -0.689207, 0.806628, -0.0904593, -0.584098, 0.211982, -0.878202, 0.428751, -3.51517, 1.20654, 0.180999 )
joint_offset = Transform( 1, 0, 0, 0, 1, 0, 0, 0, 1, -0.436978, 0.911038, -0.425723 )
body_offset = Transform( 0.971582, 0.220933, -0.084961, -0.235323, 0.862811, -0.447416, -0.0255439, 0.454695, 0.890283, 0.187112, -1.07936, -0.0463927 )
gravity_scale = 0.0

[node name="Physical Bone indexL" parent="Model/Armature/Skeleton" index="8"]
transform = Transform( -0.5706, -0.807885, -0.147435, 0.727361, -0.413819, -0.54745, 0.381266, -0.419613, 0.823748, -3.50173, 1.25704, 0.0498815 )
joint_offset = Transform( 1, 0, 0, 0, 1, 0, 0, 0, 1, -0.585319, 0.418844, -0.661856 )
body_offset = Transform( 0.917107, 0.103319, -0.38502, -0.210631, 0.945593, -0.247968, 0.338453, 0.30851, 0.888972, 0.238698, -0.683461, 0.657257 )
gravity_scale = 0.0

[node name="Physical Bone indexL001" parent="Model/Armature/Skeleton" index="9"]
transform = Transform( -0.670497, -0.671654, -0.315148, 0.665536, -0.356789, -0.655564, 0.327872, -0.649295, 0.686234, -4.16942, 0.915894, -0.257905 )
joint_offset = Transform( 1, 0, 0, 0, 1, 0, 0, 0, 1, -0.730037, 0.775272, -0.752451 )
body_offset = Transform( 0.903708, 0.206231, -0.375211, -0.290324, 0.93927, -0.182993, 0.314686, 0.274305, 0.908697, 0.217527, -1.07783, 0.700821 )
gravity_scale = 0.0

[node name="Physical Bone middleL" parent="Model/Armature/Skeleton" index="10"]
transform = Transform( -0.67973, -0.73321, 0.0192425, 0.678672, -0.638689, -0.362605, 0.278156, -0.233415, 0.931746, -3.5795, 1.20268, -0.076852 )
joint_offset = Transform( 1, 0, 0, 0, 1, 0, 0, 0, 1, -0.467334, 0.181918, -0.692174 )
body_offset = Transform( 0.9032, -0.0152622, -0.428948, -0.0873052, 0.971945, -0.218412, 0.420246, 0.234719, 0.876529, 0.127966, -0.368794, 0.760406 )
gravity_scale = 0.0

[node name="Physical Bone middleL001" parent="Model/Armature/Skeleton" index="11"]
transform = Transform( -0.88023, -0.439552, -0.178863, 0.454058, -0.670544, -0.586689, 0.137945, -0.597636, 0.789814, -4.26427, 0.634468, -0.253152 )
joint_offset = Transform( 1, 0, 0, 0, 1, 0, 0, 0, 1, -0.403769, 0.789063, -0.765863 )
body_offset = Transform( 0.879143, 0.165001, -0.447084, -0.201894, 0.978755, -0.0357842, 0.431681, 0.121723, 0.893777, -0.117631, -0.881224, 0.762763 )
gravity_scale = 0.0

[node name="Physical Bone pinkyL" parent="Model/Armature/Skeleton" index="12"]
transform = Transform( -0.820237, -0.562681, 0.102975, 0.538292, -0.82016, -0.19386, 0.193539, -0.103581, 0.97561, -3.62843, 1.11854, -0.135723 )
joint_offset = Transform( 1, 0, 0, 0, 1, 0, 0, 0, 1, -0.380038, 0.0354006, -0.698325 )
body_offset = Transform( 0.885153, -0.0891089, -0.456691, 0.0241792, 0.988975, -0.146102, 0.464676, 0.11828, 0.877547, 0.0206277, -0.127848, 0.785221 )
gravity_scale = 0.0

[node name="Physical Bone pinky001L" parent="Model/Armature/Skeleton" index="13"]
transform = Transform( -0.908619, -0.414313, -0.0525378, 0.392675, -0.804705, -0.445261, 0.142201, -0.425201, 0.893859, -4.18802, 0.311163, -0.193522 )
joint_offset = Transform( 1, 0, 0, 0, 1, 0, 0, 0, 1, -0.297978, 0.518113, -0.799809 )
body_offset = Transform( 0.877063, 0.0762682, -0.474283, -0.100409, 0.994614, -0.0257388, 0.469767, 0.070198, 0.879997, -0.157506, -0.565828, 0.807439 )
gravity_scale = 0.0

[node name="Physical Bone shoulderR" parent="Model/Armature/Skeleton" index="14"]
transform = Transform( 0.0562778, 0.966759, 0.249422, -0.958946, -0.0172091, 0.283071, 0.277953, -0.255113, 0.9261, -0.20733, 2.97979, 0.131822 )
joint_offset = Transform( 1, 0, 0, 0, 1, 0, 0, 0, 1, -0.177743, 0.143815, 0.313921 )
body_offset = Transform( 0.993798, 0.047866, 0.10038, -0.0403104, 0.996294, -0.0759896, -0.103646, 0.0714721, 0.992044, 0.138245, -0.126592, -0.340125 )
gravity_scale = 0.0

[node name="Physical Bone bicepR" parent="Model/Armature/Skeleton" index="15"]
transform = Transform( -0.847945, 0.410977, -0.334799, -0.522727, -0.753168, 0.399369, -0.088028, 0.513649, 0.853473, 1.47074, 2.89512, -0.210218 )
joint_offset = Transform( 1, 0, 0, 0, 1, 0, 0, 0, 1, -0.0754309, -0.275, 0.237754 )
body_offset = Transform( 0.934923, 0.244934, 0.256768, -0.126608, 0.906203, -0.403444, -0.331501, 0.344679, 0.87824, 0.0768312, 0.335576, -0.139024 )
gravity_scale = 0.0

[node name="Physical Bone forearmR" parent="Model/Armature/Skeleton" index="16"]
transform = Transform( -0.596651, 0.802416, -0.0117447, -0.754718, -0.566038, -0.331662, -0.272779, -0.189024, 0.943324, 1.58171, 2.8933, 0.00198723 )
joint_offset = Transform( 1, 0, 0, 0, 1, 0, 0, 0, 1, 0.194341, 0.980942, 0.307122 )
body_offset = Transform( 0.971075, -0.234129, 0.0468709, 0.230885, 0.870686, -0.434279, 0.0608672, 0.432539, 0.899557, 0.0265522, -0.765586, -0.712398 )
gravity_scale = 0.0

[node name="Physical Bone thumbR" parent="Model/Armature/Skeleton" index="17"]
transform = Transform( -0.156821, 0.328125, 0.931527, -0.821829, 0.479729, -0.307335, -0.547725, -0.813752, 0.194431, 3.19792, 2.57034, -0.124888 )
joint_offset = Transform( 1, 0, 0, 0, 1, 0, 0, 0, 1, 1.78601, 0.193087, 0.393741 )
body_offset = Transform( 0.867703, -0.23787, -0.436474, 0.22163, 0.971094, -0.0886314, 0.444939, -0.0198288, 0.895341, -1.33194, -0.548441, -1.14337 )
gravity_scale = 0.0

[node name="Physical Bone indexR" parent="Model/Armature/Skeleton" index="18"]
transform = Transform( -0.141804, 0.955704, 0.257913, -0.787481, 0.0489601, -0.614391, -0.599804, -0.290225, 0.745656, 3.47083, 2.43754, -0.111228 )
joint_offset = Transform( 1, 0, 0, 0, 1, 0, 0, 0, 1, 1.73433, 0.12709, 0.00626566 )
body_offset = Transform( 0.873347, -0.487088, 0.00311518, 0.482876, 0.864918, -0.136917, 0.063996, 0.12108, 0.990577, -1.45279, -0.946532, -0.132585 )
gravity_scale = 0.0

[node name="Physical Bone indexR001" parent="Model/Armature/Skeleton" index="19"]
transform = Transform( -0.154914, 0.85228, 0.499619, -0.790631, 0.196284, -0.57998, -0.592372, -0.484861, 0.643433, 4.221, 2.52956, -0.372349 )
joint_offset = Transform( 1, 0, 0, 0, 1, 0, 0, 0, 1, 2.19561, 0.166038, -0.0275161 )
body_offset = Transform( 0.812438, -0.56586, -0.140524, 0.545012, 0.822676, -0.161761, 0.20714, 0.0548327, 0.976774, -1.69371, -1.33768, -0.437026 )
gravity_scale = 0.0

[node name="Physical Bone middleR" parent="Model/Armature/Skeleton" index="20"]
transform = Transform( -0.274129, 0.96165, 0.00907762, -0.809788, -0.225727, -0.541564, -0.518745, -0.15581, 0.84061, 3.62052, 2.43483, -0.220385 )
joint_offset = Transform( 1, 0, 0, 0, 1, 0, 0, 0, 1, 1.67628, 0.195132, -0.0753605 )
body_offset = Transform( 0.876577, -0.454075, 0.159464, 0.474337, 0.871164, -0.126794, -0.0813446, 0.186784, 0.979027, -1.36877, -0.974671, 0.173689 )
gravity_scale = 0.0

[node name="Physical Bone middleR001" parent="Model/Armature/Skeleton" index="21"]
transform = Transform( -0.597688, 0.764329, 0.242011, -0.687567, -0.333419, -0.645045, -0.412334, -0.551935, 0.724809, 4.52476, 2.06567, -0.19693 )
joint_offset = Transform( 1, 0, 0, 0, 1, 0, 0, 0, 1, 1.93363, 1.03465, -0.20131 )
body_offset = Transform( 0.880615, -0.462779, 0.10174, 0.473502, 0.867471, -0.152607, -0.0176327, 0.182561, 0.983036, -1.20349, -1.84383, 0.0431037 )
gravity_scale = 0.0

[node name="Physical Bone pinkyR" parent="Model/Armature/Skeleton" index="22"]
transform = Transform( -0.656022, 0.711374, -0.252156, -0.715032, -0.692736, -0.0940596, -0.241589, 0.118594, 0.963103, 3.27321, 1.5268, -0.00421965 )
joint_offset = Transform( 1, 0, 0, 0, 1, 0, 0, 0, 1, 0.559561, 0.226859, -1.11224 )
body_offset = Transform( 0.972544, -0.18038, 0.14704, 0.226833, 0.875955, -0.425734, -0.0520065, 0.447399, 0.89282, -0.339733, -0.799163, 0.920634 )
gravity_scale = 0.0

[node name="Physical Bone pinky001R" parent="Model/Armature/Skeleton" index="23"]
transform = Transform( -0.777565, 0.627478, -0.0408236, -0.585762, -0.746417, -0.315822, -0.228643, -0.22166, 0.947939, 3.97047, 0.851263, 0.15649 )
joint_offset = Transform( 1, 0, 0, 0, 1, 0, 0, 0, 1, 0.725836, 0.879752, -1.47174 )
body_offset = Transform( 0.96433, -0.210111, 0.161006, 0.258693, 0.876959, -0.404994, -0.0561026, 0.432198, 0.900031, -0.278141, -1.55532, 0.985103 )
gravity_scale = 0.0

[node name="Physical Bone legjointL" parent="Model/Armature/Skeleton" index="24"]
transform = Transform( 0.261534, -0.829593, -0.49333, 0.0244148, -0.50527, 0.862615, -0.964886, -0.237647, -0.111892, 0.35386, -0.350857, 0.0993934 )
joint_offset = Transform( 1, 0, 0, 0, 1, 0, 0, 0, 1, 1.3411e-07, 1.14739e-06, 0.717287 )
body_offset = Transform( 0.994233, 0.0469817, -0.0964034, -0.0504057, 0.99817, -0.033392, 0.0946589, 0.0380585, 0.994782, 0.0691487, 0.0239505, -0.713544 )
gravity_scale = 0.0

[node name="Physical Bone thighL" parent="Model/Armature/Skeleton" index="25"]
transform = Transform( 0.215562, 0.221428, -0.951053, 0.131904, -0.971628, -0.196321, -0.96754, -0.0831286, -0.238652, -0.504112, -0.344006, -0.156588 )
joint_offset = Transform( 1, 0, 0, 0, 1, 0, 0, 0, 1, -0.080255, 0.00739123, 0.697586 )
body_offset = Transform( 0.982741, 0.184793, -0.00845541, -0.184578, 0.982583, 0.0215126, 0.0122834, -0.0195802, 0.999732, 0.0834024, -0.0370827, -0.696269 )
gravity_scale = 0.0

[node name="Physical Bone calfL" parent="Model/Armature/Skeleton" index="26"]
transform = Transform( 0.284107, -0.11609, -0.951739, -0.895403, -0.387065, -0.220077, -0.342836, 0.914715, -0.213915, -0.22878, -1.75595, -0.306835 )
joint_offset = Transform( 1, 0, 0, 0, 1, 0, 0, 0, 1, -0.113423, 0.331128, 0.687327 )
body_offset = Transform( 0.982617, 0.184082, 0.0240295, -0.184387, 0.98279, 0.0111717, -0.0215598, -0.0154084, 0.999649, 0.0339801, -0.354022, -0.684429 )
gravity_scale = 0.0

[node name="Physical Bone legjointL002" parent="Model/Armature/Skeleton" index="27"]
transform = Transform( 0.393831, -0.842549, 0.367436, 0.140666, 0.450278, 0.881738, -0.908357, -0.29557, 0.295852, -0.199053, -0.209782, -0.141138 )
joint_offset = Transform( 1, 0, 0, 0, 1, 0, 0, 0, 1, 3.35276e-07, 1.9744e-07, 0.541734 )
body_offset = Transform( 0.989757, -0.0859373, -0.114013, 0.0785171, 0.994587, -0.06806, 0.119244, 0.0584107, 0.991145, 0.0617644, 0.0368702, -0.536937 )
gravity_scale = 0.0

[node name="Physical Bone legjointR" parent="Model/Armature/Skeleton" index="28"]
transform = Transform( 0.226998, 0.871932, 0.433831, -0.0952884, -0.423438, 0.9009, 0.969224, -0.245842, -0.0130347, -0.311181, -0.378319, 0.0284843 )
joint_offset = Transform( 1, 0, 0, 0, 1, 0, 0, 0, 1, 1.67638e-08, 3.35276e-08, 0.717288 )
body_offset = Transform( 0.998493, 0.0449822, 0.0315031, -0.0424632, 0.996166, -0.0765098, -0.0348239, 0.075057, 0.996571, -0.0225968, 0.0548795, -0.714828 )
gravity_scale = 0.0

[node name="Physical Bone thighR" parent="Model/Armature/Skeleton" index="29"]
transform = Transform( 0.174672, -0.209834, 0.962009, -0.535248, -0.840296, -0.0861006, 0.826438, -0.499873, -0.259089, 0.574274, -0.342204, -0.118629 )
joint_offset = Transform( 1, 0, 0, 0, 1, 0, 0, 0, 1, -0.0703384, 0.081523, 0.664989 )
body_offset = Transform( 0.998132, 0.00983578, 0.0603044, -0.0192171, 0.987406, 0.157037, -0.0580004, -0.157903, 0.985751, 0.0293034, -0.186276, -0.646721 )
gravity_scale = 0.0

[node name="Physical Bone calfR" parent="Model/Armature/Skeleton" index="30"]
transform = Transform( 0.261859, 0.0796225, 0.961816, 0.659671, -0.742206, -0.118157, 0.704458, 0.665423, -0.246879, 0.317016, -1.55123, -0.86965 )
joint_offset = Transform( 1, 0, 0, 0, 1, 0, 0, 0, 1, -0.0856742, -0.0824822, 0.841935 )
body_offset = Transform( 0.990712, 0.024372, -0.133766, -0.0107639, 0.994774, 0.101523, 0.135541, -0.0991401, 0.985799, 0.199511, -0.00434685, -0.826544 )
gravity_scale = 0.0

[node name="Physical Bone legjointR002" parent="Model/Armature/Skeleton" index="31"]
transform = Transform( 0.446436, 0.820897, -0.356122, -0.13765, 0.456248, 0.879142, 0.884165, -0.34346, 0.316682, 0.192922, -0.208374, -0.152422 )
joint_offset = Transform( 1, 0, 0, 0, 1, 0, 0, 0, 1, 1.63913e-07, 4.99189e-07, 0.541731 )
body_offset = Transform( 0.989916, 0.0333824, 0.13767, -0.0242186, 0.997411, -0.0677096, -0.139574, 0.0636925, 0.988162, -0.0745803, 0.0366799, -0.535318 )
gravity_scale = 0.0

[node name="BoneAttachment" parent="Model/Armature/Skeleton" index="32"]
transform = Transform( -0.581267, 0.0329709, -0.813045, 0.813344, -0.00653324, -0.581746, -0.0244922, -0.999435, -0.0230193, -3.40854, 1.02031, -0.894236 )

[node name="BoneAttachment2" parent="Model/Armature/Skeleton" index="33"]
transform = Transform( -0.620711, 0.201321, 0.757752, -0.693074, 0.31096, -0.650347, -0.36656, -0.928856, -0.0534858, 3.34797, 1.07416, -1.1837 )

[node name="AnimationPlayer" parent="Model" index="1"]
anims/RESET = SubResource( 34 )
anims/rangedbasic_attack = ExtResource( 4 )

[node name="Body" type="CollisionShape" parent="."]
transform = Transform( 1, 0, 0, 0, -4.37114e-08, -1, 0, 1, -4.37114e-08, 0, 0, 0 )
shape = SubResource( 1 )

[node name="BulletSpawner" parent="." instance=ExtResource( 3 )]

[node name="Timer" type="Timer" parent="."]
one_shot = true

[node name="AttackHitbox" type="Area" parent="."]
collision_layer = 0
collision_mask = 34

[node name="CollisionShape" type="CollisionShape" parent="AttackHitbox"]
transform = Transform( -0.755512, -0.51214, -0.408556, 0.635246, -0.725171, -0.265684, -0.160204, -0.46026, 0.873211, -3.70402, -2.16625, -1.93613 )
shape = SubResource( 33 )
disabled = true

[node name="CollisionShape2" type="CollisionShape" parent="AttackHitbox"]
transform = Transform( -0.806391, 0.557646, 0.19689, -0.518018, -0.505442, -0.690063, -0.285294, -0.658452, 0.696453, 4.07268, -1.7352, -2.51846 )
shape = SubResource( 33 )
disabled = true

[connection signal="timeout" from="Timer" to="." method="_on_timeout"]
[connection signal="area_entered" from="AttackHitbox" to="." method="_on_hit_attack"]
[connection signal="body_entered" from="AttackHitbox" to="." method="_on_hit_player"]

[editable path="Model"]
